STOCK NAMES: ['AAPL', 'ADBE', 'AMZN', 'CSCO']
LISTA NOMI == DA AZIONI == STOCK AZIONI (4 == 4 == 4)

POP INIZIALE: 24 - [2.0, 8.0, 7.0, 5.0],[5.0, 10.0, 1.0, 9.0],[9.0, 6.0, 6.0, 3.0],[2.0, 7.0, 2.0, 1.0],[7.0, 6.0, 7.0, 7.0],[2.0, 7.0, 2.0, 10.0],[8.0, 6.0, 3.0, 6.0],[4.0, 1.0, 4.0, 7.0],[7.0, 7.0, 1.0, 7.0],[9.0, 10.0, 9.0, 8.0],[1.0, 8.0, 10.0, 9.0],[4.0, 1.0, 3.0, 3.0],[9.0, 2.0, 5.0, 2.0],[4.0, 10.0, 5.0, 3.0],[10.0, 2.0, 7.0, 1.0],[2.0, 5.0, 1.0, 3.0],[8.0, 2.0, 2.0, 4.0],[1.0, 5.0, 7.0, 3.0],[10.0, 8.0, 8.0, 8.0],[3.0, 1.0, 10.0, 3.0],[9.0, 5.0, 9.0, 6.0],[3.0, 6.0, 6.0, 3.0],[4.0, 3.0, 2.0, 4.0],[5.0, 4.0, 7.0, 7.0],



1 ---- 2020-01-01 ------------------------------------------------

%%%%%%%%PRIMA NSGA2:24 - [2.0, 8.0, 7.0, 5.0],[5.0, 10.0, 1.0, 9.0],[9.0, 6.0, 6.0, 3.0],[2.0, 7.0, 2.0, 1.0],[7.0, 6.0, 7.0, 7.0],[2.0, 7.0, 2.0, 10.0],[8.0, 6.0, 3.0, 6.0],[4.0, 1.0, 4.0, 7.0],[7.0, 7.0, 1.0, 7.0],[9.0, 10.0, 9.0, 8.0],[1.0, 8.0, 10.0, 9.0],[4.0, 1.0, 3.0, 3.0],[9.0, 2.0, 5.0, 2.0],[4.0, 10.0, 5.0, 3.0],[10.0, 2.0, 7.0, 1.0],[2.0, 5.0, 1.0, 3.0],[8.0, 2.0, 2.0, 4.0],[1.0, 5.0, 7.0, 3.0],[10.0, 8.0, 8.0, 8.0],[3.0, 1.0, 10.0, 3.0],[9.0, 5.0, 9.0, 6.0],[3.0, 6.0, 6.0, 3.0],[4.0, 3.0, 2.0, 4.0],[5.0, 4.0, 7.0, 7.0],

	$$$ Prima di contazero e middle 24 - [2.0, 8.0, 7.0, 5.0],[5.0, 10.0, 1.0, 9.0],[9.0, 6.0, 6.0, 3.0],[2.0, 7.0, 2.0, 1.0],[7.0, 6.0, 7.0, 7.0],[2.0, 7.0, 2.0, 10.0],[8.0, 6.0, 3.0, 6.0],[4.0, 1.0, 4.0, 7.0],[7.0, 7.0, 1.0, 7.0],[9.0, 10.0, 9.0, 8.0],[1.0, 8.0, 10.0, 9.0],[4.0, 1.0, 3.0, 3.0],[9.0, 2.0, 5.0, 2.0],[4.0, 10.0, 5.0, 3.0],[10.0, 2.0, 7.0, 1.0],[2.0, 5.0, 1.0, 3.0],[8.0, 2.0, 2.0, 4.0],[1.0, 5.0, 7.0, 3.0],[10.0, 8.0, 8.0, 8.0],[3.0, 1.0, 10.0, 3.0],[9.0, 5.0, 9.0, 6.0],[3.0, 6.0, 6.0, 3.0],[4.0, 3.0, 2.0, 4.0],[5.0, 4.0, 7.0, 7.0],

	$$$ dopo contazero e middle 24 - [2.0, 8.0, 7.0, 5.0],[5.0, 10.0, 1.0, 9.0],[9.0, 6.0, 6.0, 3.0],[2.0, 7.0, 2.0, 1.0],[7.0, 6.0, 7.0, 7.0],[2.0, 7.0, 2.0, 10.0],[8.0, 6.0, 3.0, 6.0],[4.0, 1.0, 4.0, 7.0],[7.0, 7.0, 1.0, 7.0],[9.0, 10.0, 9.0, 8.0],[1.0, 8.0, 10.0, 9.0],[4.0, 1.0, 3.0, 3.0],[9.0, 2.0, 5.0, 2.0],[4.0, 10.0, 5.0, 3.0],[10.0, 2.0, 7.0, 1.0],[2.0, 5.0, 1.0, 3.0],[8.0, 2.0, 2.0, 4.0],[1.0, 5.0, 7.0, 3.0],[10.0, 8.0, 8.0, 8.0],[3.0, 1.0, 10.0, 3.0],[9.0, 5.0, 9.0, 6.0],[3.0, 6.0, 6.0, 3.0],[4.0, 3.0, 2.0, 4.0],[5.0, 4.0, 7.0, 7.0],

	$$$ Prima di gen 24 - [2.0, 8.0, 7.0, 5.0],[5.0, 4.0, 7.0, 7.0],[5.0, 10.0, 1.0, 9.0],[9.0, 6.0, 6.0, 3.0],[2.0, 7.0, 2.0, 1.0],[7.0, 6.0, 7.0, 7.0],[2.0, 7.0, 2.0, 10.0],[8.0, 6.0, 3.0, 6.0],[4.0, 1.0, 4.0, 7.0],[7.0, 7.0, 1.0, 7.0],[9.0, 10.0, 9.0, 8.0],[1.0, 8.0, 10.0, 9.0],[4.0, 1.0, 3.0, 3.0],[9.0, 2.0, 5.0, 2.0],[4.0, 10.0, 5.0, 3.0],[10.0, 2.0, 7.0, 1.0],[2.0, 5.0, 1.0, 3.0],[8.0, 2.0, 2.0, 4.0],[1.0, 5.0, 7.0, 3.0],[10.0, 8.0, 8.0, 8.0],[3.0, 1.0, 10.0, 3.0],[9.0, 5.0, 9.0, 6.0],[3.0, 6.0, 6.0, 3.0],[4.0, 3.0, 2.0, 4.0],
		dop gen 1: 24 - [2.0, 8.0, 7.0, 5.0],[5.0, 4.0, 7.0, 7.0],[5.0, 10.0, 1.0, 9.0],[9.0, 6.0, 6.0, 3.0],[2.0, 7.0, 2.0, 1.0],[7.0, 6.0, 7.0, 7.0],[2.0, 7.0, 2.0, 10.0],[8.0, 6.0, 3.0, 6.0],[4.0, 1.0, 4.0, 7.0],[7.0, 7.0, 1.0, 7.0],[9.0, 10.0, 9.0, 8.0],[1.0, 8.0, 10.0, 9.0],[4.0, 1.0, 3.0, 3.0],[9.0, 2.0, 5.0, 2.0],[4.0, 10.0, 5.0, 3.0],[10.0, 2.0, 7.0, 1.0],[2.0, 5.0, 1.0, 3.0],[8.0, 2.0, 2.0, 4.0],[1.0, 5.0, 7.0, 3.0],[10.0, 8.0, 8.0, 8.0],[3.0, 1.0, 10.0, 3.0],[9.0, 5.0, 9.0, 6.0],[3.0, 6.0, 6.0, 3.0],[4.0, 3.0, 2.0, 4.0],
		fine gen 1: 24 - [2.0, 8.0, 7.0, 5.0],[5.0, 9.0, 1.0, 9.0],[5.0, 4.0, 7.0, 7.0],[5.0, 10.0, 1.0, 9.0],[9.0, 6.0, 6.0, 3.0],[2.0, 7.0, 2.0, 1.0],[7.0, 6.0, 7.0, 7.0],[2.0, 7.0, 2.0, 10.0],[8.0, 6.0, 3.0, 6.0],[4.0, 1.0, 4.0, 7.0],[7.0, 7.0, 1.0, 7.0],[9.0, 10.0, 9.0, 8.0],[1.0, 8.0, 10.0, 9.0],[4.0, 1.0, 3.0, 3.0],[9.0, 2.0, 5.0, 2.0],[4.0, 10.0, 5.0, 3.0],[10.0, 2.0, 7.0, 1.0],[2.0, 5.0, 1.0, 3.0],[8.0, 2.0, 2.0, 4.0],[1.0, 5.0, 7.0, 3.0],[10.0, 8.0, 8.0, 8.0],[3.0, 1.0, 10.0, 3.0],[9.0, 5.0, 9.0, 6.0],[3.0, 6.0, 6.0, 3.0],


		dop gen 2: 24 - [2.0, 8.0, 7.0, 5.0],[5.0, 9.0, 1.0, 9.0],[5.0, 4.0, 7.0, 7.0],[5.0, 10.0, 1.0, 9.0],[9.0, 6.0, 6.0, 3.0],[2.0, 7.0, 2.0, 1.0],[7.0, 6.0, 7.0, 7.0],[2.0, 7.0, 2.0, 10.0],[8.0, 6.0, 3.0, 6.0],[4.0, 1.0, 4.0, 7.0],[7.0, 7.0, 1.0, 7.0],[9.0, 10.0, 9.0, 8.0],[1.0, 8.0, 10.0, 9.0],[4.0, 1.0, 3.0, 3.0],[9.0, 2.0, 5.0, 2.0],[4.0, 10.0, 5.0, 3.0],[10.0, 2.0, 7.0, 1.0],[2.0, 5.0, 1.0, 3.0],[8.0, 2.0, 2.0, 4.0],[1.0, 5.0, 7.0, 3.0],[10.0, 8.0, 8.0, 8.0],[3.0, 1.0, 10.0, 3.0],[9.0, 5.0, 9.0, 6.0],[3.0, 6.0, 6.0, 3.0],
		fine gen 2: 24 - [2.0, 8.0, 7.0, 5.0],[1.0, 7.0, 2.0, 1.0],[5.0, 9.0, 1.0, 9.0],[5.0, 4.0, 7.0, 7.0],[5.0, 10.0, 1.0, 9.0],[9.0, 6.0, 6.0, 3.0],[2.0, 7.0, 2.0, 1.0],[7.0, 6.0, 7.0, 7.0],[2.0, 7.0, 2.0, 10.0],[8.0, 6.0, 3.0, 6.0],[4.0, 1.0, 4.0, 7.0],[7.0, 7.0, 1.0, 7.0],[9.0, 10.0, 9.0, 8.0],[1.0, 8.0, 10.0, 9.0],[4.0, 1.0, 3.0, 3.0],[9.0, 2.0, 5.0, 2.0],[4.0, 10.0, 5.0, 3.0],[10.0, 2.0, 7.0, 1.0],[2.0, 5.0, 1.0, 3.0],[8.0, 2.0, 2.0, 4.0],[1.0, 5.0, 7.0, 3.0],[10.0, 8.0, 8.0, 8.0],[3.0, 1.0, 10.0, 3.0],[9.0, 5.0, 9.0, 6.0],


		dop gen 3: 24 - [2.0, 8.0, 7.0, 5.0],[1.0, 7.0, 2.0, 1.0],[5.0, 9.0, 1.0, 9.0],[5.0, 4.0, 7.0, 7.0],[5.0, 10.0, 1.0, 9.0],[9.0, 6.0, 6.0, 3.0],[2.0, 7.0, 2.0, 1.0],[7.0, 6.0, 7.0, 7.0],[2.0, 7.0, 2.0, 10.0],[8.0, 6.0, 3.0, 6.0],[4.0, 1.0, 4.0, 7.0],[7.0, 7.0, 1.0, 7.0],[9.0, 10.0, 9.0, 8.0],[1.0, 8.0, 10.0, 9.0],[4.0, 1.0, 3.0, 3.0],[9.0, 2.0, 5.0, 2.0],[4.0, 10.0, 5.0, 3.0],[10.0, 2.0, 7.0, 1.0],[2.0, 5.0, 1.0, 3.0],[8.0, 2.0, 2.0, 4.0],[1.0, 5.0, 7.0, 3.0],[10.0, 8.0, 8.0, 8.0],[3.0, 1.0, 10.0, 3.0],[9.0, 5.0, 9.0, 6.0],
		fine gen 3: 24 - [2.0, 8.0, 7.0, 5.0],[1.0, 7.0, 10.0, 8.0],[1.0, 7.0, 2.0, 1.0],[5.0, 9.0, 1.0, 9.0],[5.0, 4.0, 7.0, 7.0],[5.0, 10.0, 1.0, 9.0],[9.0, 6.0, 6.0, 3.0],[2.0, 7.0, 2.0, 1.0],[7.0, 6.0, 7.0, 7.0],[2.0, 7.0, 2.0, 10.0],[8.0, 6.0, 3.0, 6.0],[4.0, 1.0, 4.0, 7.0],[7.0, 7.0, 1.0, 7.0],[9.0, 10.0, 9.0, 8.0],[1.0, 8.0, 10.0, 9.0],[4.0, 1.0, 3.0, 3.0],[9.0, 2.0, 5.0, 2.0],[4.0, 10.0, 5.0, 3.0],[10.0, 2.0, 7.0, 1.0],[2.0, 5.0, 1.0, 3.0],[8.0, 2.0, 2.0, 4.0],[1.0, 5.0, 7.0, 3.0],[10.0, 8.0, 8.0, 8.0],[3.0, 1.0, 10.0, 3.0],


		dop gen 4: 24 - [2.0, 8.0, 7.0, 5.0],[1.0, 7.0, 10.0, 8.0],[1.0, 7.0, 2.0, 1.0],[5.0, 9.0, 1.0, 9.0],[5.0, 4.0, 7.0, 7.0],[5.0, 10.0, 1.0, 9.0],[9.0, 6.0, 6.0, 3.0],[2.0, 7.0, 2.0, 1.0],[7.0, 6.0, 7.0, 7.0],[2.0, 7.0, 2.0, 10.0],[8.0, 6.0, 3.0, 6.0],[4.0, 1.0, 4.0, 7.0],[7.0, 7.0, 1.0, 7.0],[9.0, 10.0, 9.0, 8.0],[1.0, 8.0, 10.0, 9.0],[4.0, 1.0, 3.0, 3.0],[9.0, 2.0, 5.0, 2.0],[4.0, 10.0, 5.0, 3.0],[10.0, 2.0, 7.0, 1.0],[2.0, 5.0, 1.0, 3.0],[8.0, 2.0, 2.0, 4.0],[1.0, 5.0, 7.0, 3.0],[10.0, 8.0, 8.0, 8.0],[3.0, 1.0, 10.0, 3.0],
		fine gen 4: 24 - [2.0, 8.0, 7.0, 5.0],[9.0, 8.0, 6.0, 9.0],[1.0, 7.0, 10.0, 8.0],[1.0, 7.0, 2.0, 1.0],[5.0, 9.0, 1.0, 9.0],[5.0, 4.0, 7.0, 7.0],[5.0, 10.0, 1.0, 9.0],[9.0, 6.0, 6.0, 3.0],[2.0, 7.0, 2.0, 1.0],[7.0, 6.0, 7.0, 7.0],[2.0, 7.0, 2.0, 10.0],[8.0, 6.0, 3.0, 6.0],[4.0, 1.0, 4.0, 7.0],[7.0, 7.0, 1.0, 7.0],[9.0, 10.0, 9.0, 8.0],[1.0, 8.0, 10.0, 9.0],[4.0, 1.0, 3.0, 3.0],[9.0, 2.0, 5.0, 2.0],[4.0, 10.0, 5.0, 3.0],[10.0, 2.0, 7.0, 1.0],[2.0, 5.0, 1.0, 3.0],[8.0, 2.0, 2.0, 4.0],[1.0, 5.0, 7.0, 3.0],[10.0, 8.0, 8.0, 8.0],


	$$$$ Fine di nsgaII24 - [2.0, 8.0, 7.0, 5.0],[9.0, 8.0, 6.0, 9.0],[1.0, 7.0, 10.0, 8.0],[1.0, 7.0, 2.0, 1.0],[5.0, 9.0, 1.0, 9.0],[5.0, 4.0, 7.0, 7.0],[5.0, 10.0, 1.0, 9.0],[9.0, 6.0, 6.0, 3.0],[2.0, 7.0, 2.0, 1.0],[7.0, 6.0, 7.0, 7.0],[2.0, 7.0, 2.0, 10.0],[8.0, 6.0, 3.0, 6.0],[4.0, 1.0, 4.0, 7.0],[7.0, 7.0, 1.0, 7.0],[9.0, 10.0, 9.0, 8.0],[1.0, 8.0, 10.0, 9.0],[4.0, 1.0, 3.0, 3.0],[9.0, 2.0, 5.0, 2.0],[4.0, 10.0, 5.0, 3.0],[10.0, 2.0, 7.0, 1.0],[2.0, 5.0, 1.0, 3.0],[8.0, 2.0, 2.0, 4.0],[1.0, 5.0, 7.0, 3.0],[10.0, 8.0, 8.0, 8.0],

%%%%%%%%%DOPO NSGA2:24 - [2.0, 8.0, 7.0, 5.0],[9.0, 8.0, 6.0, 9.0],[1.0, 7.0, 10.0, 8.0],[1.0, 7.0, 2.0, 1.0],[5.0, 9.0, 1.0, 9.0],[5.0, 4.0, 7.0, 7.0],[5.0, 10.0, 1.0, 9.0],[9.0, 6.0, 6.0, 3.0],[2.0, 7.0, 2.0, 1.0],[7.0, 6.0, 7.0, 7.0],[2.0, 7.0, 2.0, 10.0],[8.0, 6.0, 3.0, 6.0],[4.0, 1.0, 4.0, 7.0],[7.0, 7.0, 1.0, 7.0],[9.0, 10.0, 9.0, 8.0],[1.0, 8.0, 10.0, 9.0],[4.0, 1.0, 3.0, 3.0],[9.0, 2.0, 5.0, 2.0],[4.0, 10.0, 5.0, 3.0],[10.0, 2.0, 7.0, 1.0],[2.0, 5.0, 1.0, 3.0],[8.0, 2.0, 2.0, 4.0],[1.0, 5.0, 7.0, 3.0],[10.0, 8.0, 8.0, 8.0],



2 ---- 2020-01-08 ------------------------------------------------

%%%%%%%%PRIMA NSGA2:24 - [2.0, 8.0, 7.0, 5.0],[9.0, 8.0, 6.0, 9.0],[1.0, 7.0, 10.0, 8.0],[1.0, 7.0, 2.0, 1.0],[5.0, 9.0, 1.0, 9.0],[5.0, 4.0, 7.0, 7.0],[5.0, 10.0, 1.0, 9.0],[9.0, 6.0, 6.0, 3.0],[2.0, 7.0, 2.0, 1.0],[7.0, 6.0, 7.0, 7.0],[2.0, 7.0, 2.0, 10.0],[8.0, 6.0, 3.0, 6.0],[4.0, 1.0, 4.0, 7.0],[7.0, 7.0, 1.0, 7.0],[9.0, 10.0, 9.0, 8.0],[1.0, 8.0, 10.0, 9.0],[4.0, 1.0, 3.0, 3.0],[9.0, 2.0, 5.0, 2.0],[4.0, 10.0, 5.0, 3.0],[10.0, 2.0, 7.0, 1.0],[2.0, 5.0, 1.0, 3.0],[8.0, 2.0, 2.0, 4.0],[1.0, 5.0, 7.0, 3.0],[10.0, 8.0, 8.0, 8.0],

	$$$ Prima di contazero e middle 24 - [2.0, 8.0, 7.0, 5.0],[9.0, 8.0, 6.0, 9.0],[1.0, 7.0, 10.0, 8.0],[1.0, 7.0, 2.0, 1.0],[5.0, 9.0, 1.0, 9.0],[5.0, 4.0, 7.0, 7.0],[5.0, 10.0, 1.0, 9.0],[9.0, 6.0, 6.0, 3.0],[2.0, 7.0, 2.0, 1.0],[7.0, 6.0, 7.0, 7.0],[2.0, 7.0, 2.0, 10.0],[8.0, 6.0, 3.0, 6.0],[4.0, 1.0, 4.0, 7.0],[7.0, 7.0, 1.0, 7.0],[9.0, 10.0, 9.0, 8.0],[1.0, 8.0, 10.0, 9.0],[4.0, 1.0, 3.0, 3.0],[9.0, 2.0, 5.0, 2.0],[4.0, 10.0, 5.0, 3.0],[10.0, 2.0, 7.0, 1.0],[2.0, 5.0, 1.0, 3.0],[8.0, 2.0, 2.0, 4.0],[1.0, 5.0, 7.0, 3.0],[10.0, 8.0, 8.0, 8.0],

	$$$ dopo contazero e middle 24 - [2.0, 8.0, 7.0, 5.0],[9.0, 8.0, 6.0, 9.0],[1.0, 7.0, 10.0, 8.0],[1.0, 7.0, 2.0, 1.0],[5.0, 9.0, 1.0, 9.0],[5.0, 4.0, 7.0, 7.0],[5.0, 10.0, 1.0, 9.0],[9.0, 6.0, 6.0, 3.0],[2.0, 7.0, 2.0, 1.0],[7.0, 6.0, 7.0, 7.0],[2.0, 7.0, 2.0, 10.0],[8.0, 6.0, 3.0, 6.0],[4.0, 1.0, 4.0, 7.0],[7.0, 7.0, 1.0, 7.0],[9.0, 10.0, 9.0, 8.0],[1.0, 8.0, 10.0, 9.0],[4.0, 1.0, 3.0, 3.0],[9.0, 2.0, 5.0, 2.0],[4.0, 10.0, 5.0, 3.0],[10.0, 2.0, 7.0, 1.0],[2.0, 5.0, 1.0, 3.0],[8.0, 2.0, 2.0, 4.0],[1.0, 5.0, 7.0, 3.0],[10.0, 8.0, 8.0, 8.0],

	$$$ Prima di gen 24 - [2.0, 8.0, 7.0, 5.0],[10.0, 8.0, 8.0, 8.0],[9.0, 8.0, 6.0, 9.0],[1.0, 7.0, 10.0, 8.0],[1.0, 7.0, 2.0, 1.0],[5.0, 9.0, 1.0, 9.0],[5.0, 4.0, 7.0, 7.0],[5.0, 10.0, 1.0, 9.0],[9.0, 6.0, 6.0, 3.0],[2.0, 7.0, 2.0, 1.0],[7.0, 6.0, 7.0, 7.0],[2.0, 7.0, 2.0, 10.0],[8.0, 6.0, 3.0, 6.0],[4.0, 1.0, 4.0, 7.0],[7.0, 7.0, 1.0, 7.0],[9.0, 10.0, 9.0, 8.0],[1.0, 8.0, 10.0, 9.0],[4.0, 1.0, 3.0, 3.0],[9.0, 2.0, 5.0, 2.0],[4.0, 10.0, 5.0, 3.0],[10.0, 2.0, 7.0, 1.0],[2.0, 5.0, 1.0, 3.0],[8.0, 2.0, 2.0, 4.0],[1.0, 5.0, 7.0, 3.0],
		dop gen 1: 24 - [2.0, 8.0, 7.0, 5.0],[10.0, 8.0, 8.0, 8.0],[9.0, 8.0, 6.0, 9.0],[1.0, 7.0, 10.0, 8.0],[1.0, 7.0, 2.0, 1.0],[5.0, 9.0, 1.0, 9.0],[5.0, 4.0, 7.0, 7.0],[5.0, 10.0, 1.0, 9.0],[9.0, 6.0, 6.0, 3.0],[2.0, 7.0, 2.0, 1.0],[7.0, 6.0, 7.0, 7.0],[2.0, 7.0, 2.0, 10.0],[8.0, 6.0, 3.0, 6.0],[4.0, 1.0, 4.0, 7.0],[7.0, 7.0, 1.0, 7.0],[9.0, 10.0, 9.0, 8.0],[1.0, 8.0, 10.0, 9.0],[4.0, 1.0, 3.0, 3.0],[9.0, 2.0, 5.0, 2.0],[4.0, 10.0, 5.0, 3.0],[10.0, 2.0, 7.0, 1.0],[2.0, 5.0, 1.0, 3.0],[8.0, 2.0, 2.0, 4.0],[1.0, 5.0, 7.0, 3.0],
		fine gen 1: 24 - [2.0, 7.0, 2.0, 10.0],[1.0, 8.0, 8.0, 9.0],[2.0, 7.0, 1.0, 9.0],[4.0, 10.0, 2.0, 9.0],[1.0, 8.0, 10.0, 9.0],[5.0, 10.0, 1.0, 9.0],[3.0, 5.0, 6.0, 8.0],[1.0, 7.0, 6.0, 8.0],[4.0, 7.0, 3.0, 7.0],[9.0, 7.0, 1.0, 7.0],[7.0, 7.0, 1.0, 7.0],[10.0, 1.0, 8.0, 7.0],[7.0, 9.0, 2.0, 7.0],[7.0, 6.0, 7.0, 7.0],[8.0, 8.0, 9.0, 7.0],[1.0, 6.0, 7.0, 5.0],[6.0, 6.0, 3.0, 5.0],[2.0, 2.0, 7.0, 4.0],[8.0, 8.0, 2.0, 4.0],[8.0, 2.0, 2.0, 4.0],[8.0, 6.0, 6.0, 3.0],[2.0, 5.0, 1.0, 3.0],[9.0, 1.0, 7.0, 1.0],[1.0, 8.0, 8.0, 1.0],


		dop gen 2: 24 - [2.0, 7.0, 2.0, 10.0],[1.0, 8.0, 8.0, 9.0],[2.0, 7.0, 1.0, 9.0],[4.0, 10.0, 2.0, 9.0],[1.0, 8.0, 10.0, 9.0],[5.0, 10.0, 1.0, 9.0],[3.0, 5.0, 6.0, 8.0],[1.0, 7.0, 6.0, 8.0],[4.0, 7.0, 3.0, 7.0],[9.0, 7.0, 1.0, 7.0],[7.0, 7.0, 1.0, 7.0],[10.0, 1.0, 8.0, 7.0],[7.0, 9.0, 2.0, 7.0],[7.0, 6.0, 7.0, 7.0],[8.0, 8.0, 9.0, 7.0],[1.0, 6.0, 7.0, 5.0],[6.0, 6.0, 3.0, 5.0],[2.0, 2.0, 7.0, 4.0],[8.0, 8.0, 2.0, 4.0],[8.0, 2.0, 2.0, 4.0],[8.0, 6.0, 6.0, 3.0],[2.0, 5.0, 1.0, 3.0],[9.0, 1.0, 7.0, 1.0],[1.0, 8.0, 8.0, 1.0],
		fine gen 2: 24 - [2.0, 7.0, 2.0, 10.0],[1.0, 8.0, 8.0, 9.0],[2.0, 7.0, 1.0, 9.0],[4.0, 10.0, 2.0, 9.0],[1.0, 8.0, 10.0, 9.0],[5.0, 10.0, 1.0, 9.0],[4.0, 10.0, 2.0, 9.0],[1.0, 8.0, 9.0, 9.0],[1.0, 7.0, 6.0, 9.0],[3.0, 8.0, 1.0, 9.0],[2.0, 8.0, 9.0, 9.0],[7.0, 7.0, 1.0, 9.0],[4.0, 10.0, 2.0, 9.0],[5.0, 10.0, 2.0, 9.0],[3.0, 5.0, 6.0, 8.0],[1.0, 7.0, 6.0, 8.0],[7.0, 7.0, 6.0, 8.0],[1.0, 4.0, 5.0, 8.0],[1.0, 6.0, 1.0, 8.0],[2.0, 7.0, 2.0, 8.0],[1.0, 7.0, 3.0, 8.0],[6.0, 4.0, 5.0, 8.0],[4.0, 7.0, 3.0, 7.0],[3.0, 6.0, 7.0, 7.0],


		dop gen 3: 24 - [2.0, 7.0, 2.0, 10.0],[1.0, 8.0, 8.0, 9.0],[2.0, 7.0, 1.0, 9.0],[4.0, 10.0, 2.0, 9.0],[1.0, 8.0, 10.0, 9.0],[5.0, 10.0, 1.0, 9.0],[4.0, 10.0, 2.0, 9.0],[1.0, 8.0, 9.0, 9.0],[1.0, 7.0, 6.0, 9.0],[3.0, 8.0, 1.0, 9.0],[2.0, 8.0, 9.0, 9.0],[7.0, 7.0, 1.0, 9.0],[4.0, 10.0, 2.0, 9.0],[5.0, 10.0, 2.0, 9.0],[3.0, 5.0, 6.0, 8.0],[1.0, 7.0, 6.0, 8.0],[7.0, 7.0, 6.0, 8.0],[1.0, 4.0, 5.0, 8.0],[1.0, 6.0, 1.0, 8.0],[2.0, 7.0, 2.0, 8.0],[1.0, 7.0, 3.0, 8.0],[6.0, 4.0, 5.0, 8.0],[4.0, 7.0, 3.0, 7.0],[3.0, 6.0, 7.0, 7.0],
		fine gen 3: 24 - [2.0, 7.0, 2.0, 10.0],[2.0, 5.0, 8.0, 10.0],[1.0, 7.0, 6.0, 10.0],[1.0, 8.0, 8.0, 9.0],[2.0, 8.0, 9.0, 9.0],[2.0, 7.0, 1.0, 9.0],[4.0, 10.0, 2.0, 9.0],[1.0, 8.0, 10.0, 9.0],[5.0, 10.0, 1.0, 9.0],[4.0, 10.0, 2.0, 9.0],[1.0, 8.0, 9.0, 9.0],[1.0, 7.0, 6.0, 9.0],[3.0, 8.0, 1.0, 9.0],[2.0, 8.0, 9.0, 9.0],[7.0, 7.0, 1.0, 9.0],[4.0, 10.0, 2.0, 9.0],[5.0, 10.0, 2.0, 9.0],[2.0, 8.0, 2.0, 9.0],[2.0, 7.0, 6.0, 9.0],[5.0, 8.0, 1.0, 9.0],[1.0, 6.0, 1.0, 9.0],[2.0, 8.0, 8.0, 9.0],[1.0, 6.0, 2.0, 9.0],[5.0, 9.0, 8.0, 9.0],


		dop gen 4: 24 - [2.0, 7.0, 2.0, 10.0],[2.0, 5.0, 8.0, 10.0],[1.0, 7.0, 6.0, 10.0],[1.0, 8.0, 8.0, 9.0],[2.0, 8.0, 9.0, 9.0],[2.0, 7.0, 1.0, 9.0],[4.0, 10.0, 2.0, 9.0],[1.0, 8.0, 10.0, 9.0],[5.0, 10.0, 1.0, 9.0],[4.0, 10.0, 2.0, 9.0],[1.0, 8.0, 9.0, 9.0],[1.0, 7.0, 6.0, 9.0],[3.0, 8.0, 1.0, 9.0],[2.0, 8.0, 9.0, 9.0],[7.0, 7.0, 1.0, 9.0],[4.0, 10.0, 2.0, 9.0],[5.0, 10.0, 2.0, 9.0],[2.0, 8.0, 2.0, 9.0],[2.0, 7.0, 6.0, 9.0],[5.0, 8.0, 1.0, 9.0],[1.0, 6.0, 1.0, 9.0],[2.0, 8.0, 8.0, 9.0],[1.0, 6.0, 2.0, 9.0],[5.0, 9.0, 8.0, 9.0],
		fine gen 4: 24 - [2.0, 7.0, 2.0, 10.0],[2.0, 5.0, 8.0, 10.0],[1.0, 7.0, 6.0, 10.0],[1.0, 5.0, 7.0, 10.0],[2.0, 4.0, 2.0, 10.0],[1.0, 9.0, 6.0, 10.0],[2.0, 5.0, 8.0, 10.0],[1.0, 8.0, 8.0, 9.0],[4.0, 10.0, 2.0, 9.0],[2.0, 8.0, 9.0, 9.0],[2.0, 7.0, 1.0, 9.0],[4.0, 10.0, 2.0, 9.0],[1.0, 8.0, 10.0, 9.0],[5.0, 10.0, 1.0, 9.0],[4.0, 10.0, 2.0, 9.0],[1.0, 8.0, 9.0, 9.0],[1.0, 7.0, 6.0, 9.0],[3.0, 8.0, 1.0, 9.0],[2.0, 8.0, 9.0, 9.0],[7.0, 7.0, 1.0, 9.0],[4.0, 10.0, 2.0, 9.0],[5.0, 10.0, 2.0, 9.0],[2.0, 8.0, 2.0, 9.0],[2.0, 7.0, 6.0, 9.0],


	$$$$ Fine di nsgaII24 - [2.0, 7.0, 2.0, 10.0],[2.0, 5.0, 8.0, 10.0],[1.0, 7.0, 6.0, 10.0],[1.0, 5.0, 7.0, 10.0],[2.0, 4.0, 2.0, 10.0],[1.0, 9.0, 6.0, 10.0],[2.0, 5.0, 8.0, 10.0],[1.0, 8.0, 8.0, 9.0],[4.0, 10.0, 2.0, 9.0],[2.0, 8.0, 9.0, 9.0],[2.0, 7.0, 1.0, 9.0],[4.0, 10.0, 2.0, 9.0],[1.0, 8.0, 10.0, 9.0],[5.0, 10.0, 1.0, 9.0],[4.0, 10.0, 2.0, 9.0],[1.0, 8.0, 9.0, 9.0],[1.0, 7.0, 6.0, 9.0],[3.0, 8.0, 1.0, 9.0],[2.0, 8.0, 9.0, 9.0],[7.0, 7.0, 1.0, 9.0],[4.0, 10.0, 2.0, 9.0],[5.0, 10.0, 2.0, 9.0],[2.0, 8.0, 2.0, 9.0],[2.0, 7.0, 6.0, 9.0],

%%%%%%%%%DOPO NSGA2:24 - [2.0, 7.0, 2.0, 10.0],[2.0, 5.0, 8.0, 10.0],[1.0, 7.0, 6.0, 10.0],[1.0, 5.0, 7.0, 10.0],[2.0, 4.0, 2.0, 10.0],[1.0, 9.0, 6.0, 10.0],[2.0, 5.0, 8.0, 10.0],[1.0, 8.0, 8.0, 9.0],[4.0, 10.0, 2.0, 9.0],[2.0, 8.0, 9.0, 9.0],[2.0, 7.0, 1.0, 9.0],[4.0, 10.0, 2.0, 9.0],[1.0, 8.0, 10.0, 9.0],[5.0, 10.0, 1.0, 9.0],[4.0, 10.0, 2.0, 9.0],[1.0, 8.0, 9.0, 9.0],[1.0, 7.0, 6.0, 9.0],[3.0, 8.0, 1.0, 9.0],[2.0, 8.0, 9.0, 9.0],[7.0, 7.0, 1.0, 9.0],[4.0, 10.0, 2.0, 9.0],[5.0, 10.0, 2.0, 9.0],[2.0, 8.0, 2.0, 9.0],[2.0, 7.0, 6.0, 9.0],



3 ---- 2020-01-15 ------------------------------------------------

%%%%%%%%PRIMA NSGA2:24 - [2.0, 7.0, 2.0, 10.0],[2.0, 5.0, 8.0, 10.0],[1.0, 7.0, 6.0, 10.0],[1.0, 5.0, 7.0, 10.0],[2.0, 4.0, 2.0, 10.0],[1.0, 9.0, 6.0, 10.0],[2.0, 5.0, 8.0, 10.0],[1.0, 8.0, 8.0, 9.0],[4.0, 10.0, 2.0, 9.0],[2.0, 8.0, 9.0, 9.0],[2.0, 7.0, 1.0, 9.0],[4.0, 10.0, 2.0, 9.0],[1.0, 8.0, 10.0, 9.0],[5.0, 10.0, 1.0, 9.0],[4.0, 10.0, 2.0, 9.0],[1.0, 8.0, 9.0, 9.0],[1.0, 7.0, 6.0, 9.0],[3.0, 8.0, 1.0, 9.0],[2.0, 8.0, 9.0, 9.0],[7.0, 7.0, 1.0, 9.0],[4.0, 10.0, 2.0, 9.0],[5.0, 10.0, 2.0, 9.0],[2.0, 8.0, 2.0, 9.0],[2.0, 7.0, 6.0, 9.0],

	$$$ Prima di contazero e middle 24 - [2.0, 7.0, 2.0, 10.0],[2.0, 5.0, 8.0, 10.0],[1.0, 7.0, 6.0, 10.0],[1.0, 5.0, 7.0, 10.0],[2.0, 4.0, 2.0, 10.0],[1.0, 9.0, 6.0, 10.0],[2.0, 5.0, 8.0, 10.0],[1.0, 8.0, 8.0, 9.0],[4.0, 10.0, 2.0, 9.0],[2.0, 8.0, 9.0, 9.0],[2.0, 7.0, 1.0, 9.0],[4.0, 10.0, 2.0, 9.0],[1.0, 8.0, 10.0, 9.0],[5.0, 10.0, 1.0, 9.0],[4.0, 10.0, 2.0, 9.0],[1.0, 8.0, 9.0, 9.0],[1.0, 7.0, 6.0, 9.0],[3.0, 8.0, 1.0, 9.0],[2.0, 8.0, 9.0, 9.0],[7.0, 7.0, 1.0, 9.0],[4.0, 10.0, 2.0, 9.0],[5.0, 10.0, 2.0, 9.0],[2.0, 8.0, 2.0, 9.0],[2.0, 7.0, 6.0, 9.0],

	$$$ dopo contazero e middle 24 - [2.0, 7.0, 2.0, 10.0],[2.0, 5.0, 8.0, 10.0],[1.0, 7.0, 6.0, 10.0],[1.0, 5.0, 7.0, 10.0],[2.0, 4.0, 2.0, 10.0],[1.0, 9.0, 6.0, 10.0],[2.0, 5.0, 8.0, 10.0],[1.0, 8.0, 8.0, 9.0],[4.0, 10.0, 2.0, 9.0],[2.0, 8.0, 9.0, 9.0],[2.0, 7.0, 1.0, 9.0],[4.0, 10.0, 2.0, 9.0],[1.0, 8.0, 10.0, 9.0],[5.0, 10.0, 1.0, 9.0],[4.0, 10.0, 2.0, 9.0],[1.0, 8.0, 9.0, 9.0],[1.0, 7.0, 6.0, 9.0],[3.0, 8.0, 1.0, 9.0],[2.0, 8.0, 9.0, 9.0],[7.0, 7.0, 1.0, 9.0],[4.0, 10.0, 2.0, 9.0],[5.0, 10.0, 2.0, 9.0],[2.0, 8.0, 2.0, 9.0],[2.0, 7.0, 6.0, 9.0],

	$$$ Prima di gen 24 - [2.0, 7.0, 2.0, 10.0],[2.0, 5.0, 8.0, 10.0],[1.0, 7.0, 6.0, 10.0],[1.0, 5.0, 7.0, 10.0],[2.0, 4.0, 2.0, 10.0],[1.0, 9.0, 6.0, 10.0],[2.0, 5.0, 8.0, 10.0],[1.0, 8.0, 8.0, 9.0],[2.0, 7.0, 6.0, 9.0],[4.0, 10.0, 2.0, 9.0],[2.0, 8.0, 9.0, 9.0],[2.0, 7.0, 1.0, 9.0],[4.0, 10.0, 2.0, 9.0],[1.0, 8.0, 10.0, 9.0],[5.0, 10.0, 1.0, 9.0],[4.0, 10.0, 2.0, 9.0],[1.0, 8.0, 9.0, 9.0],[1.0, 7.0, 6.0, 9.0],[3.0, 8.0, 1.0, 9.0],[2.0, 8.0, 9.0, 9.0],[7.0, 7.0, 1.0, 9.0],[4.0, 10.0, 2.0, 9.0],[5.0, 10.0, 2.0, 9.0],[2.0, 8.0, 2.0, 9.0],
		dop gen 1: 24 - [2.0, 7.0, 2.0, 10.0],[2.0, 5.0, 8.0, 10.0],[1.0, 7.0, 6.0, 10.0],[1.0, 5.0, 7.0, 10.0],[2.0, 4.0, 2.0, 10.0],[1.0, 9.0, 6.0, 10.0],[2.0, 5.0, 8.0, 10.0],[1.0, 8.0, 8.0, 9.0],[2.0, 7.0, 6.0, 9.0],[4.0, 10.0, 2.0, 9.0],[2.0, 8.0, 9.0, 9.0],[2.0, 7.0, 1.0, 9.0],[4.0, 10.0, 2.0, 9.0],[1.0, 8.0, 10.0, 9.0],[5.0, 10.0, 1.0, 9.0],[4.0, 10.0, 2.0, 9.0],[1.0, 8.0, 9.0, 9.0],[1.0, 7.0, 6.0, 9.0],[3.0, 8.0, 1.0, 9.0],[2.0, 8.0, 9.0, 9.0],[7.0, 7.0, 1.0, 9.0],[4.0, 10.0, 2.0, 9.0],[5.0, 10.0, 2.0, 9.0],[2.0, 8.0, 2.0, 9.0],
		fine gen 1: 24 - [2.0, 7.0, 2.0, 10.0],[2.0, 5.0, 8.0, 10.0],[1.0, 7.0, 6.0, 10.0],[1.0, 5.0, 7.0, 10.0],[2.0, 4.0, 2.0, 10.0],[1.0, 9.0, 6.0, 10.0],[2.0, 5.0, 8.0, 10.0],[1.0, 9.0, 1.0, 10.0],[1.0, 8.0, 8.0, 9.0],[2.0, 4.0, 2.0, 10.0],[1.0, 7.0, 1.0, 9.0],[2.0, 8.0, 2.0, 9.0],[2.0, 7.0, 6.0, 9.0],[4.0, 10.0, 2.0, 9.0],[2.0, 8.0, 9.0, 9.0],[2.0, 7.0, 1.0, 9.0],[4.0, 10.0, 2.0, 9.0],[1.0, 8.0, 10.0, 9.0],[5.0, 10.0, 1.0, 9.0],[4.0, 10.0, 2.0, 9.0],[1.0, 8.0, 9.0, 9.0],[1.0, 7.0, 6.0, 9.0],[3.0, 8.0, 1.0, 9.0],[2.0, 8.0, 9.0, 9.0],


		dop gen 2: 24 - [2.0, 7.0, 2.0, 10.0],[2.0, 5.0, 8.0, 10.0],[1.0, 7.0, 6.0, 10.0],[1.0, 5.0, 7.0, 10.0],[2.0, 4.0, 2.0, 10.0],[1.0, 9.0, 6.0, 10.0],[2.0, 5.0, 8.0, 10.0],[1.0, 9.0, 1.0, 10.0],[1.0, 8.0, 8.0, 9.0],[2.0, 4.0, 2.0, 10.0],[1.0, 7.0, 1.0, 9.0],[2.0, 8.0, 2.0, 9.0],[2.0, 7.0, 6.0, 9.0],[4.0, 10.0, 2.0, 9.0],[2.0, 8.0, 9.0, 9.0],[2.0, 7.0, 1.0, 9.0],[4.0, 10.0, 2.0, 9.0],[1.0, 8.0, 10.0, 9.0],[5.0, 10.0, 1.0, 9.0],[4.0, 10.0, 2.0, 9.0],[1.0, 8.0, 9.0, 9.0],[1.0, 7.0, 6.0, 9.0],[3.0, 8.0, 1.0, 9.0],[2.0, 8.0, 9.0, 9.0],
		fine gen 2: 24 - [2.0, 7.0, 2.0, 10.0],[2.0, 5.0, 8.0, 10.0],[1.0, 7.0, 6.0, 10.0],[1.0, 5.0, 7.0, 10.0],[2.0, 4.0, 2.0, 10.0],[1.0, 9.0, 6.0, 10.0],[2.0, 5.0, 8.0, 10.0],[1.0, 9.0, 1.0, 10.0],[1.0, 8.0, 8.0, 9.0],[2.0, 5.0, 1.0, 10.0],[1.0, 9.0, 1.0, 9.0],[2.0, 8.0, 9.0, 9.0],[2.0, 8.0, 2.0, 9.0],[2.0, 7.0, 6.0, 9.0],[4.0, 10.0, 2.0, 9.0],[2.0, 8.0, 9.0, 9.0],[2.0, 7.0, 1.0, 9.0],[4.0, 10.0, 2.0, 9.0],[1.0, 8.0, 10.0, 9.0],[5.0, 10.0, 1.0, 9.0],[4.0, 10.0, 2.0, 9.0],[1.0, 8.0, 9.0, 9.0],[1.0, 7.0, 6.0, 9.0],[3.0, 8.0, 1.0, 9.0],


		dop gen 3: 24 - [2.0, 7.0, 2.0, 10.0],[2.0, 5.0, 8.0, 10.0],[1.0, 7.0, 6.0, 10.0],[1.0, 5.0, 7.0, 10.0],[2.0, 4.0, 2.0, 10.0],[1.0, 9.0, 6.0, 10.0],[2.0, 5.0, 8.0, 10.0],[1.0, 9.0, 1.0, 10.0],[1.0, 8.0, 8.0, 9.0],[2.0, 5.0, 1.0, 10.0],[1.0, 9.0, 1.0, 9.0],[2.0, 8.0, 9.0, 9.0],[2.0, 8.0, 2.0, 9.0],[2.0, 7.0, 6.0, 9.0],[4.0, 10.0, 2.0, 9.0],[2.0, 8.0, 9.0, 9.0],[2.0, 7.0, 1.0, 9.0],[4.0, 10.0, 2.0, 9.0],[1.0, 8.0, 10.0, 9.0],[5.0, 10.0, 1.0, 9.0],[4.0, 10.0, 2.0, 9.0],[1.0, 8.0, 9.0, 9.0],[1.0, 7.0, 6.0, 9.0],[3.0, 8.0, 1.0, 9.0],
		fine gen 3: 24 - [2.0, 7.0, 2.0, 10.0],[2.0, 5.0, 8.0, 10.0],[1.0, 7.0, 6.0, 10.0],[1.0, 5.0, 7.0, 10.0],[2.0, 4.0, 2.0, 10.0],[1.0, 9.0, 6.0, 10.0],[2.0, 5.0, 8.0, 10.0],[1.0, 9.0, 1.0, 10.0],[1.0, 8.0, 8.0, 9.0],[2.0, 8.0, 9.0, 9.0],[2.0, 8.0, 2.0, 9.0],[2.0, 7.0, 6.0, 9.0],[4.0, 10.0, 2.0, 9.0],[2.0, 8.0, 9.0, 9.0],[2.0, 7.0, 1.0, 9.0],[4.0, 10.0, 2.0, 9.0],[1.0, 8.0, 10.0, 9.0],[5.0, 10.0, 1.0, 9.0],[4.0, 10.0, 2.0, 9.0],[1.0, 8.0, 9.0, 9.0],[1.0, 7.0, 6.0, 9.0],[3.0, 8.0, 1.0, 9.0],[1.0, 8.0, 1.0, 10.0],[1.0, 9.0, 1.0, 9.0],


		dop gen 4: 24 - [2.0, 7.0, 2.0, 10.0],[2.0, 5.0, 8.0, 10.0],[1.0, 7.0, 6.0, 10.0],[1.0, 5.0, 7.0, 10.0],[2.0, 4.0, 2.0, 10.0],[1.0, 9.0, 6.0, 10.0],[2.0, 5.0, 8.0, 10.0],[1.0, 9.0, 1.0, 10.0],[1.0, 8.0, 8.0, 9.0],[2.0, 8.0, 9.0, 9.0],[2.0, 8.0, 2.0, 9.0],[2.0, 7.0, 6.0, 9.0],[4.0, 10.0, 2.0, 9.0],[2.0, 8.0, 9.0, 9.0],[2.0, 7.0, 1.0, 9.0],[4.0, 10.0, 2.0, 9.0],[1.0, 8.0, 10.0, 9.0],[5.0, 10.0, 1.0, 9.0],[4.0, 10.0, 2.0, 9.0],[1.0, 8.0, 9.0, 9.0],[1.0, 7.0, 6.0, 9.0],[3.0, 8.0, 1.0, 9.0],[1.0, 8.0, 1.0, 10.0],[1.0, 9.0, 1.0, 9.0],
		fine gen 4: 24 - [2.0, 7.0, 2.0, 10.0],[2.0, 5.0, 8.0, 10.0],[1.0, 7.0, 6.0, 10.0],[1.0, 5.0, 7.0, 10.0],[2.0, 4.0, 2.0, 10.0],[1.0, 9.0, 6.0, 10.0],[2.0, 5.0, 8.0, 10.0],[1.0, 9.0, 1.0, 10.0],[1.0, 9.0, 1.0, 10.0],[1.0, 8.0, 8.0, 9.0],[1.0, 8.0, 1.0, 10.0],[3.0, 8.0, 1.0, 9.0],[1.0, 8.0, 1.0, 10.0],[2.0, 8.0, 9.0, 9.0],[2.0, 8.0, 2.0, 9.0],[2.0, 7.0, 6.0, 9.0],[4.0, 10.0, 2.0, 9.0],[2.0, 8.0, 9.0, 9.0],[2.0, 7.0, 1.0, 9.0],[4.0, 10.0, 2.0, 9.0],[1.0, 8.0, 10.0, 9.0],[5.0, 10.0, 1.0, 9.0],[4.0, 10.0, 2.0, 9.0],[1.0, 8.0, 9.0, 9.0],


	$$$$ Fine di nsgaII24 - [2.0, 7.0, 2.0, 10.0],[2.0, 5.0, 8.0, 10.0],[1.0, 7.0, 6.0, 10.0],[1.0, 5.0, 7.0, 10.0],[2.0, 4.0, 2.0, 10.0],[1.0, 9.0, 6.0, 10.0],[2.0, 5.0, 8.0, 10.0],[1.0, 9.0, 1.0, 10.0],[1.0, 9.0, 1.0, 10.0],[1.0, 8.0, 8.0, 9.0],[1.0, 8.0, 1.0, 10.0],[3.0, 8.0, 1.0, 9.0],[1.0, 8.0, 1.0, 10.0],[2.0, 8.0, 9.0, 9.0],[2.0, 8.0, 2.0, 9.0],[2.0, 7.0, 6.0, 9.0],[4.0, 10.0, 2.0, 9.0],[2.0, 8.0, 9.0, 9.0],[2.0, 7.0, 1.0, 9.0],[4.0, 10.0, 2.0, 9.0],[1.0, 8.0, 10.0, 9.0],[5.0, 10.0, 1.0, 9.0],[4.0, 10.0, 2.0, 9.0],[1.0, 8.0, 9.0, 9.0],

%%%%%%%%%DOPO NSGA2:24 - [2.0, 7.0, 2.0, 10.0],[2.0, 5.0, 8.0, 10.0],[1.0, 7.0, 6.0, 10.0],[1.0, 5.0, 7.0, 10.0],[2.0, 4.0, 2.0, 10.0],[1.0, 9.0, 6.0, 10.0],[2.0, 5.0, 8.0, 10.0],[1.0, 9.0, 1.0, 10.0],[1.0, 9.0, 1.0, 10.0],[1.0, 8.0, 8.0, 9.0],[1.0, 8.0, 1.0, 10.0],[3.0, 8.0, 1.0, 9.0],[1.0, 8.0, 1.0, 10.0],[2.0, 8.0, 9.0, 9.0],[2.0, 8.0, 2.0, 9.0],[2.0, 7.0, 6.0, 9.0],[4.0, 10.0, 2.0, 9.0],[2.0, 8.0, 9.0, 9.0],[2.0, 7.0, 1.0, 9.0],[4.0, 10.0, 2.0, 9.0],[1.0, 8.0, 10.0, 9.0],[5.0, 10.0, 1.0, 9.0],[4.0, 10.0, 2.0, 9.0],[1.0, 8.0, 9.0, 9.0],



4 ---- 2020-01-22 ------------------------------------------------

%%%%%%%%PRIMA NSGA2:24 - [2.0, 7.0, 2.0, 10.0],[2.0, 5.0, 8.0, 10.0],[1.0, 7.0, 6.0, 10.0],[1.0, 5.0, 7.0, 10.0],[2.0, 4.0, 2.0, 10.0],[1.0, 9.0, 6.0, 10.0],[2.0, 5.0, 8.0, 10.0],[1.0, 9.0, 1.0, 10.0],[1.0, 9.0, 1.0, 10.0],[1.0, 8.0, 8.0, 9.0],[1.0, 8.0, 1.0, 10.0],[3.0, 8.0, 1.0, 9.0],[1.0, 8.0, 1.0, 10.0],[2.0, 8.0, 9.0, 9.0],[2.0, 8.0, 2.0, 9.0],[2.0, 7.0, 6.0, 9.0],[4.0, 10.0, 2.0, 9.0],[2.0, 8.0, 9.0, 9.0],[2.0, 7.0, 1.0, 9.0],[4.0, 10.0, 2.0, 9.0],[1.0, 8.0, 10.0, 9.0],[5.0, 10.0, 1.0, 9.0],[4.0, 10.0, 2.0, 9.0],[1.0, 8.0, 9.0, 9.0],

	$$$ Prima di contazero e middle 24 - [2.0, 7.0, 2.0, 10.0],[2.0, 5.0, 8.0, 10.0],[1.0, 7.0, 6.0, 10.0],[1.0, 5.0, 7.0, 10.0],[2.0, 4.0, 2.0, 10.0],[1.0, 9.0, 6.0, 10.0],[2.0, 5.0, 8.0, 10.0],[1.0, 9.0, 1.0, 10.0],[1.0, 9.0, 1.0, 10.0],[1.0, 8.0, 8.0, 9.0],[1.0, 8.0, 1.0, 10.0],[3.0, 8.0, 1.0, 9.0],[1.0, 8.0, 1.0, 10.0],[2.0, 8.0, 9.0, 9.0],[2.0, 8.0, 2.0, 9.0],[2.0, 7.0, 6.0, 9.0],[4.0, 10.0, 2.0, 9.0],[2.0, 8.0, 9.0, 9.0],[2.0, 7.0, 1.0, 9.0],[4.0, 10.0, 2.0, 9.0],[1.0, 8.0, 10.0, 9.0],[5.0, 10.0, 1.0, 9.0],[4.0, 10.0, 2.0, 9.0],[1.0, 8.0, 9.0, 9.0],

	$$$ dopo contazero e middle 24 - [2.0, 7.0, 2.0, 10.0],[2.0, 5.0, 8.0, 10.0],[1.0, 7.0, 6.0, 10.0],[1.0, 5.0, 7.0, 10.0],[2.0, 4.0, 2.0, 10.0],[1.0, 9.0, 6.0, 10.0],[2.0, 5.0, 8.0, 10.0],[1.0, 9.0, 1.0, 10.0],[1.0, 9.0, 1.0, 10.0],[1.0, 8.0, 8.0, 9.0],[1.0, 8.0, 1.0, 10.0],[3.0, 8.0, 1.0, 9.0],[1.0, 8.0, 1.0, 10.0],[2.0, 8.0, 9.0, 9.0],[2.0, 8.0, 2.0, 9.0],[2.0, 7.0, 6.0, 9.0],[4.0, 10.0, 2.0, 9.0],[2.0, 8.0, 9.0, 9.0],[2.0, 7.0, 1.0, 9.0],[4.0, 10.0, 2.0, 9.0],[1.0, 8.0, 10.0, 9.0],[5.0, 10.0, 1.0, 9.0],[4.0, 10.0, 2.0, 9.0],[1.0, 8.0, 9.0, 9.0],

	$$$ Prima di gen 24 - [2.0, 7.0, 2.0, 10.0],[2.0, 5.0, 8.0, 10.0],[1.0, 7.0, 6.0, 10.0],[1.0, 5.0, 7.0, 10.0],[2.0, 4.0, 2.0, 10.0],[1.0, 9.0, 6.0, 10.0],[2.0, 5.0, 8.0, 10.0],[1.0, 9.0, 1.0, 10.0],[1.0, 9.0, 1.0, 10.0],[1.0, 8.0, 8.0, 9.0],[1.0, 8.0, 1.0, 10.0],[1.0, 8.0, 9.0, 9.0],[1.0, 8.0, 1.0, 10.0],[3.0, 8.0, 1.0, 9.0],[2.0, 8.0, 9.0, 9.0],[2.0, 8.0, 2.0, 9.0],[2.0, 7.0, 6.0, 9.0],[4.0, 10.0, 2.0, 9.0],[2.0, 8.0, 9.0, 9.0],[2.0, 7.0, 1.0, 9.0],[4.0, 10.0, 2.0, 9.0],[1.0, 8.0, 10.0, 9.0],[5.0, 10.0, 1.0, 9.0],[4.0, 10.0, 2.0, 9.0],
		dop gen 1: 24 - [2.0, 7.0, 2.0, 10.0],[2.0, 5.0, 8.0, 10.0],[1.0, 7.0, 6.0, 10.0],[1.0, 5.0, 7.0, 10.0],[2.0, 4.0, 2.0, 10.0],[1.0, 9.0, 6.0, 10.0],[2.0, 5.0, 8.0, 10.0],[1.0, 9.0, 1.0, 10.0],[1.0, 9.0, 1.0, 10.0],[1.0, 8.0, 8.0, 9.0],[1.0, 8.0, 1.0, 10.0],[1.0, 8.0, 9.0, 9.0],[1.0, 8.0, 1.0, 10.0],[3.0, 8.0, 1.0, 9.0],[2.0, 8.0, 9.0, 9.0],[2.0, 8.0, 2.0, 9.0],[2.0, 7.0, 6.0, 9.0],[4.0, 10.0, 2.0, 9.0],[2.0, 8.0, 9.0, 9.0],[2.0, 7.0, 1.0, 9.0],[4.0, 10.0, 2.0, 9.0],[1.0, 8.0, 10.0, 9.0],[5.0, 10.0, 1.0, 9.0],[4.0, 10.0, 2.0, 9.0],
		fine gen 1: 24 - [2.0, 7.0, 2.0, 10.0],[2.0, 5.0, 8.0, 10.0],[1.0, 7.0, 6.0, 10.0],[1.0, 5.0, 7.0, 10.0],[2.0, 4.0, 2.0, 10.0],[1.0, 9.0, 6.0, 10.0],[2.0, 5.0, 8.0, 10.0],[1.0, 9.0, 1.0, 10.0],[1.0, 9.0, 1.0, 10.0],[1.0, 8.0, 8.0, 9.0],[1.0, 8.0, 1.0, 10.0],[4.0, 10.0, 2.0, 9.0],[1.0, 8.0, 1.0, 10.0],[1.0, 8.0, 9.0, 9.0],[3.0, 8.0, 1.0, 9.0],[2.0, 8.0, 9.0, 9.0],[2.0, 8.0, 2.0, 9.0],[2.0, 7.0, 6.0, 9.0],[4.0, 10.0, 2.0, 9.0],[2.0, 8.0, 9.0, 9.0],[2.0, 7.0, 1.0, 9.0],[4.0, 10.0, 2.0, 9.0],[1.0, 8.0, 10.0, 9.0],[5.0, 10.0, 1.0, 9.0],


		dop gen 2: 24 - [2.0, 7.0, 2.0, 10.0],[2.0, 5.0, 8.0, 10.0],[1.0, 7.0, 6.0, 10.0],[1.0, 5.0, 7.0, 10.0],[2.0, 4.0, 2.0, 10.0],[1.0, 9.0, 6.0, 10.0],[2.0, 5.0, 8.0, 10.0],[1.0, 9.0, 1.0, 10.0],[1.0, 9.0, 1.0, 10.0],[1.0, 8.0, 8.0, 9.0],[1.0, 8.0, 1.0, 10.0],[4.0, 10.0, 2.0, 9.0],[1.0, 8.0, 1.0, 10.0],[1.0, 8.0, 9.0, 9.0],[3.0, 8.0, 1.0, 9.0],[2.0, 8.0, 9.0, 9.0],[2.0, 8.0, 2.0, 9.0],[2.0, 7.0, 6.0, 9.0],[4.0, 10.0, 2.0, 9.0],[2.0, 8.0, 9.0, 9.0],[2.0, 7.0, 1.0, 9.0],[4.0, 10.0, 2.0, 9.0],[1.0, 8.0, 10.0, 9.0],[5.0, 10.0, 1.0, 9.0],
		fine gen 2: 24 - [2.0, 7.0, 2.0, 10.0],[2.0, 5.0, 8.0, 10.0],[1.0, 7.0, 6.0, 10.0],[1.0, 5.0, 7.0, 10.0],[2.0, 4.0, 2.0, 10.0],[1.0, 9.0, 6.0, 10.0],[2.0, 5.0, 8.0, 10.0],[1.0, 9.0, 1.0, 10.0],[1.0, 9.0, 1.0, 10.0],[1.0, 8.0, 8.0, 9.0],[1.0, 8.0, 1.0, 10.0],[5.0, 10.0, 1.0, 9.0],[1.0, 8.0, 1.0, 10.0],[4.0, 10.0, 2.0, 9.0],[1.0, 8.0, 9.0, 9.0],[3.0, 8.0, 1.0, 9.0],[2.0, 8.0, 9.0, 9.0],[2.0, 8.0, 2.0, 9.0],[2.0, 7.0, 6.0, 9.0],[4.0, 10.0, 2.0, 9.0],[2.0, 8.0, 9.0, 9.0],[2.0, 7.0, 1.0, 9.0],[4.0, 10.0, 2.0, 9.0],[1.0, 8.0, 10.0, 9.0],


		dop gen 3: 24 - [2.0, 7.0, 2.0, 10.0],[2.0, 5.0, 8.0, 10.0],[1.0, 7.0, 6.0, 10.0],[1.0, 5.0, 7.0, 10.0],[2.0, 4.0, 2.0, 10.0],[1.0, 9.0, 6.0, 10.0],[2.0, 5.0, 8.0, 10.0],[1.0, 9.0, 1.0, 10.0],[1.0, 9.0, 1.0, 10.0],[1.0, 8.0, 8.0, 9.0],[1.0, 8.0, 1.0, 10.0],[5.0, 10.0, 1.0, 9.0],[1.0, 8.0, 1.0, 10.0],[4.0, 10.0, 2.0, 9.0],[1.0, 8.0, 9.0, 9.0],[3.0, 8.0, 1.0, 9.0],[2.0, 8.0, 9.0, 9.0],[2.0, 8.0, 2.0, 9.0],[2.0, 7.0, 6.0, 9.0],[4.0, 10.0, 2.0, 9.0],[2.0, 8.0, 9.0, 9.0],[2.0, 7.0, 1.0, 9.0],[4.0, 10.0, 2.0, 9.0],[1.0, 8.0, 10.0, 9.0],
		fine gen 3: 24 - [2.0, 7.0, 2.0, 10.0],[2.0, 5.0, 8.0, 10.0],[1.0, 7.0, 6.0, 10.0],[1.0, 5.0, 7.0, 10.0],[2.0, 4.0, 2.0, 10.0],[1.0, 9.0, 6.0, 10.0],[2.0, 5.0, 8.0, 10.0],[1.0, 9.0, 1.0, 10.0],[1.0, 9.0, 1.0, 10.0],[1.0, 8.0, 8.0, 9.0],[1.0, 8.0, 1.0, 10.0],[1.0, 8.0, 10.0, 9.0],[1.0, 8.0, 1.0, 10.0],[5.0, 10.0, 1.0, 9.0],[4.0, 10.0, 2.0, 9.0],[1.0, 8.0, 9.0, 9.0],[3.0, 8.0, 1.0, 9.0],[2.0, 8.0, 9.0, 9.0],[2.0, 8.0, 2.0, 9.0],[2.0, 7.0, 6.0, 9.0],[4.0, 10.0, 2.0, 9.0],[2.0, 8.0, 9.0, 9.0],[2.0, 7.0, 1.0, 9.0],[4.0, 10.0, 2.0, 9.0],


		dop gen 4: 24 - [2.0, 7.0, 2.0, 10.0],[2.0, 5.0, 8.0, 10.0],[1.0, 7.0, 6.0, 10.0],[1.0, 5.0, 7.0, 10.0],[2.0, 4.0, 2.0, 10.0],[1.0, 9.0, 6.0, 10.0],[2.0, 5.0, 8.0, 10.0],[1.0, 9.0, 1.0, 10.0],[1.0, 9.0, 1.0, 10.0],[1.0, 8.0, 8.0, 9.0],[1.0, 8.0, 1.0, 10.0],[1.0, 8.0, 10.0, 9.0],[1.0, 8.0, 1.0, 10.0],[5.0, 10.0, 1.0, 9.0],[4.0, 10.0, 2.0, 9.0],[1.0, 8.0, 9.0, 9.0],[3.0, 8.0, 1.0, 9.0],[2.0, 8.0, 9.0, 9.0],[2.0, 8.0, 2.0, 9.0],[2.0, 7.0, 6.0, 9.0],[4.0, 10.0, 2.0, 9.0],[2.0, 8.0, 9.0, 9.0],[2.0, 7.0, 1.0, 9.0],[4.0, 10.0, 2.0, 9.0],
		fine gen 4: 24 - [2.0, 7.0, 2.0, 10.0],[2.0, 5.0, 8.0, 10.0],[1.0, 7.0, 6.0, 10.0],[1.0, 5.0, 7.0, 10.0],[2.0, 4.0, 2.0, 10.0],[1.0, 9.0, 6.0, 10.0],[2.0, 5.0, 8.0, 10.0],[1.0, 9.0, 1.0, 10.0],[1.0, 9.0, 1.0, 10.0],[1.0, 8.0, 8.0, 9.0],[1.0, 8.0, 1.0, 10.0],[4.0, 10.0, 2.0, 9.0],[1.0, 8.0, 1.0, 10.0],[1.0, 8.0, 10.0, 9.0],[5.0, 10.0, 1.0, 9.0],[4.0, 10.0, 2.0, 9.0],[1.0, 8.0, 9.0, 9.0],[3.0, 8.0, 1.0, 9.0],[2.0, 8.0, 9.0, 9.0],[2.0, 8.0, 2.0, 9.0],[2.0, 7.0, 6.0, 9.0],[4.0, 10.0, 2.0, 9.0],[2.0, 8.0, 9.0, 9.0],[2.0, 7.0, 1.0, 9.0],


	$$$$ Fine di nsgaII24 - [2.0, 7.0, 2.0, 10.0],[2.0, 5.0, 8.0, 10.0],[1.0, 7.0, 6.0, 10.0],[1.0, 5.0, 7.0, 10.0],[2.0, 4.0, 2.0, 10.0],[1.0, 9.0, 6.0, 10.0],[2.0, 5.0, 8.0, 10.0],[1.0, 9.0, 1.0, 10.0],[1.0, 9.0, 1.0, 10.0],[1.0, 8.0, 8.0, 9.0],[1.0, 8.0, 1.0, 10.0],[4.0, 10.0, 2.0, 9.0],[1.0, 8.0, 1.0, 10.0],[1.0, 8.0, 10.0, 9.0],[5.0, 10.0, 1.0, 9.0],[4.0, 10.0, 2.0, 9.0],[1.0, 8.0, 9.0, 9.0],[3.0, 8.0, 1.0, 9.0],[2.0, 8.0, 9.0, 9.0],[2.0, 8.0, 2.0, 9.0],[2.0, 7.0, 6.0, 9.0],[4.0, 10.0, 2.0, 9.0],[2.0, 8.0, 9.0, 9.0],[2.0, 7.0, 1.0, 9.0],

%%%%%%%%%DOPO NSGA2:24 - [2.0, 7.0, 2.0, 10.0],[2.0, 5.0, 8.0, 10.0],[1.0, 7.0, 6.0, 10.0],[1.0, 5.0, 7.0, 10.0],[2.0, 4.0, 2.0, 10.0],[1.0, 9.0, 6.0, 10.0],[2.0, 5.0, 8.0, 10.0],[1.0, 9.0, 1.0, 10.0],[1.0, 9.0, 1.0, 10.0],[1.0, 8.0, 8.0, 9.0],[1.0, 8.0, 1.0, 10.0],[4.0, 10.0, 2.0, 9.0],[1.0, 8.0, 1.0, 10.0],[1.0, 8.0, 10.0, 9.0],[5.0, 10.0, 1.0, 9.0],[4.0, 10.0, 2.0, 9.0],[1.0, 8.0, 9.0, 9.0],[3.0, 8.0, 1.0, 9.0],[2.0, 8.0, 9.0, 9.0],[2.0, 8.0, 2.0, 9.0],[2.0, 7.0, 6.0, 9.0],[4.0, 10.0, 2.0, 9.0],[2.0, 8.0, 9.0, 9.0],[2.0, 7.0, 1.0, 9.0],



5 ---- 2020-01-29 ------------------------------------------------

%%%%%%%%PRIMA NSGA2:24 - [2.0, 7.0, 2.0, 10.0],[2.0, 5.0, 8.0, 10.0],[1.0, 7.0, 6.0, 10.0],[1.0, 5.0, 7.0, 10.0],[2.0, 4.0, 2.0, 10.0],[1.0, 9.0, 6.0, 10.0],[2.0, 5.0, 8.0, 10.0],[1.0, 9.0, 1.0, 10.0],[1.0, 9.0, 1.0, 10.0],[1.0, 8.0, 8.0, 9.0],[1.0, 8.0, 1.0, 10.0],[4.0, 10.0, 2.0, 9.0],[1.0, 8.0, 1.0, 10.0],[1.0, 8.0, 10.0, 9.0],[5.0, 10.0, 1.0, 9.0],[4.0, 10.0, 2.0, 9.0],[1.0, 8.0, 9.0, 9.0],[3.0, 8.0, 1.0, 9.0],[2.0, 8.0, 9.0, 9.0],[2.0, 8.0, 2.0, 9.0],[2.0, 7.0, 6.0, 9.0],[4.0, 10.0, 2.0, 9.0],[2.0, 8.0, 9.0, 9.0],[2.0, 7.0, 1.0, 9.0],

	$$$ Prima di contazero e middle 24 - [2.0, 7.0, 2.0, 10.0],[2.0, 5.0, 8.0, 10.0],[1.0, 7.0, 6.0, 10.0],[1.0, 5.0, 7.0, 10.0],[2.0, 4.0, 2.0, 10.0],[1.0, 9.0, 6.0, 10.0],[2.0, 5.0, 8.0, 10.0],[1.0, 9.0, 1.0, 10.0],[1.0, 9.0, 1.0, 10.0],[1.0, 8.0, 8.0, 9.0],[1.0, 8.0, 1.0, 10.0],[4.0, 10.0, 2.0, 9.0],[1.0, 8.0, 1.0, 10.0],[1.0, 8.0, 10.0, 9.0],[5.0, 10.0, 1.0, 9.0],[4.0, 10.0, 2.0, 9.0],[1.0, 8.0, 9.0, 9.0],[3.0, 8.0, 1.0, 9.0],[2.0, 8.0, 9.0, 9.0],[2.0, 8.0, 2.0, 9.0],[2.0, 7.0, 6.0, 9.0],[4.0, 10.0, 2.0, 9.0],[2.0, 8.0, 9.0, 9.0],[2.0, 7.0, 1.0, 9.0],

	$$$ dopo contazero e middle 24 - [2.0, 7.0, 2.0, 10.0],[2.0, 5.0, 8.0, 10.0],[1.0, 7.0, 6.0, 10.0],[1.0, 5.0, 7.0, 10.0],[2.0, 4.0, 2.0, 10.0],[1.0, 9.0, 6.0, 10.0],[2.0, 5.0, 8.0, 10.0],[1.0, 9.0, 1.0, 10.0],[1.0, 9.0, 1.0, 10.0],[1.0, 8.0, 8.0, 9.0],[1.0, 8.0, 1.0, 10.0],[4.0, 10.0, 2.0, 9.0],[1.0, 8.0, 1.0, 10.0],[1.0, 8.0, 10.0, 9.0],[5.0, 10.0, 1.0, 9.0],[4.0, 10.0, 2.0, 9.0],[1.0, 8.0, 9.0, 9.0],[3.0, 8.0, 1.0, 9.0],[2.0, 8.0, 9.0, 9.0],[2.0, 8.0, 2.0, 9.0],[2.0, 7.0, 6.0, 9.0],[4.0, 10.0, 2.0, 9.0],[2.0, 8.0, 9.0, 9.0],[2.0, 7.0, 1.0, 9.0],

	$$$ Prima di gen 24 - [2.0, 7.0, 2.0, 10.0],[2.0, 5.0, 8.0, 10.0],[1.0, 7.0, 6.0, 10.0],[1.0, 5.0, 7.0, 10.0],[2.0, 4.0, 2.0, 10.0],[1.0, 9.0, 6.0, 10.0],[2.0, 5.0, 8.0, 10.0],[1.0, 9.0, 1.0, 10.0],[1.0, 9.0, 1.0, 10.0],[1.0, 8.0, 8.0, 9.0],[1.0, 8.0, 1.0, 10.0],[2.0, 7.0, 1.0, 9.0],[1.0, 8.0, 1.0, 10.0],[4.0, 10.0, 2.0, 9.0],[1.0, 8.0, 10.0, 9.0],[5.0, 10.0, 1.0, 9.0],[4.0, 10.0, 2.0, 9.0],[1.0, 8.0, 9.0, 9.0],[3.0, 8.0, 1.0, 9.0],[2.0, 8.0, 9.0, 9.0],[2.0, 8.0, 2.0, 9.0],[2.0, 7.0, 6.0, 9.0],[4.0, 10.0, 2.0, 9.0],[2.0, 8.0, 9.0, 9.0],
		dop gen 1: 24 - [2.0, 7.0, 2.0, 10.0],[2.0, 5.0, 8.0, 10.0],[1.0, 7.0, 6.0, 10.0],[1.0, 5.0, 7.0, 10.0],[2.0, 4.0, 2.0, 10.0],[1.0, 9.0, 6.0, 10.0],[2.0, 5.0, 8.0, 10.0],[1.0, 9.0, 1.0, 10.0],[1.0, 9.0, 1.0, 10.0],[1.0, 8.0, 8.0, 9.0],[1.0, 8.0, 1.0, 10.0],[2.0, 7.0, 1.0, 9.0],[1.0, 8.0, 1.0, 10.0],[4.0, 10.0, 2.0, 9.0],[1.0, 8.0, 10.0, 9.0],[5.0, 10.0, 1.0, 9.0],[4.0, 10.0, 2.0, 9.0],[1.0, 8.0, 9.0, 9.0],[3.0, 8.0, 1.0, 9.0],[2.0, 8.0, 9.0, 9.0],[2.0, 8.0, 2.0, 9.0],[2.0, 7.0, 6.0, 9.0],[4.0, 10.0, 2.0, 9.0],[2.0, 8.0, 9.0, 9.0],
		fine gen 1: 24 - [2.0, 7.0, 2.0, 10.0],[2.0, 5.0, 8.0, 10.0],[1.0, 7.0, 6.0, 10.0],[1.0, 5.0, 7.0, 10.0],[2.0, 4.0, 2.0, 10.0],[1.0, 9.0, 6.0, 10.0],[2.0, 5.0, 8.0, 10.0],[1.0, 9.0, 1.0, 10.0],[1.0, 9.0, 1.0, 10.0],[1.0, 8.0, 8.0, 9.0],[1.0, 8.0, 1.0, 10.0],[2.0, 8.0, 9.0, 9.0],[1.0, 8.0, 1.0, 10.0],[2.0, 7.0, 1.0, 9.0],[4.0, 10.0, 2.0, 9.0],[1.0, 8.0, 10.0, 9.0],[5.0, 10.0, 1.0, 9.0],[4.0, 10.0, 2.0, 9.0],[1.0, 8.0, 9.0, 9.0],[3.0, 8.0, 1.0, 9.0],[2.0, 8.0, 9.0, 9.0],[2.0, 8.0, 2.0, 9.0],[2.0, 7.0, 6.0, 9.0],[4.0, 10.0, 2.0, 9.0],


		dop gen 2: 24 - [2.0, 7.0, 2.0, 10.0],[2.0, 5.0, 8.0, 10.0],[1.0, 7.0, 6.0, 10.0],[1.0, 5.0, 7.0, 10.0],[2.0, 4.0, 2.0, 10.0],[1.0, 9.0, 6.0, 10.0],[2.0, 5.0, 8.0, 10.0],[1.0, 9.0, 1.0, 10.0],[1.0, 9.0, 1.0, 10.0],[1.0, 8.0, 8.0, 9.0],[1.0, 8.0, 1.0, 10.0],[2.0, 8.0, 9.0, 9.0],[1.0, 8.0, 1.0, 10.0],[2.0, 7.0, 1.0, 9.0],[4.0, 10.0, 2.0, 9.0],[1.0, 8.0, 10.0, 9.0],[5.0, 10.0, 1.0, 9.0],[4.0, 10.0, 2.0, 9.0],[1.0, 8.0, 9.0, 9.0],[3.0, 8.0, 1.0, 9.0],[2.0, 8.0, 9.0, 9.0],[2.0, 8.0, 2.0, 9.0],[2.0, 7.0, 6.0, 9.0],[4.0, 10.0, 2.0, 9.0],
		fine gen 2: 24 - [2.0, 7.0, 2.0, 10.0],[2.0, 5.0, 8.0, 10.0],[1.0, 7.0, 6.0, 10.0],[1.0, 5.0, 7.0, 10.0],[2.0, 4.0, 2.0, 10.0],[1.0, 9.0, 6.0, 10.0],[2.0, 5.0, 8.0, 10.0],[1.0, 9.0, 1.0, 10.0],[1.0, 9.0, 1.0, 10.0],[1.0, 8.0, 8.0, 9.0],[1.0, 8.0, 1.0, 10.0],[4.0, 10.0, 2.0, 9.0],[1.0, 8.0, 1.0, 10.0],[2.0, 8.0, 9.0, 9.0],[2.0, 7.0, 1.0, 9.0],[4.0, 10.0, 2.0, 9.0],[1.0, 8.0, 10.0, 9.0],[5.0, 10.0, 1.0, 9.0],[4.0, 10.0, 2.0, 9.0],[1.0, 8.0, 9.0, 9.0],[3.0, 8.0, 1.0, 9.0],[2.0, 8.0, 9.0, 9.0],[2.0, 8.0, 2.0, 9.0],[2.0, 7.0, 6.0, 9.0],


		dop gen 3: 24 - [2.0, 7.0, 2.0, 10.0],[2.0, 5.0, 8.0, 10.0],[1.0, 7.0, 6.0, 10.0],[1.0, 5.0, 7.0, 10.0],[2.0, 4.0, 2.0, 10.0],[1.0, 9.0, 6.0, 10.0],[2.0, 5.0, 8.0, 10.0],[1.0, 9.0, 1.0, 10.0],[1.0, 9.0, 1.0, 10.0],[1.0, 8.0, 8.0, 9.0],[1.0, 8.0, 1.0, 10.0],[4.0, 10.0, 2.0, 9.0],[1.0, 8.0, 1.0, 10.0],[2.0, 8.0, 9.0, 9.0],[2.0, 7.0, 1.0, 9.0],[4.0, 10.0, 2.0, 9.0],[1.0, 8.0, 10.0, 9.0],[5.0, 10.0, 1.0, 9.0],[4.0, 10.0, 2.0, 9.0],[1.0, 8.0, 9.0, 9.0],[3.0, 8.0, 1.0, 9.0],[2.0, 8.0, 9.0, 9.0],[2.0, 8.0, 2.0, 9.0],[2.0, 7.0, 6.0, 9.0],
		fine gen 3: 24 - [2.0, 7.0, 2.0, 10.0],[2.0, 5.0, 8.0, 10.0],[1.0, 7.0, 6.0, 10.0],[1.0, 5.0, 7.0, 10.0],[2.0, 4.0, 2.0, 10.0],[1.0, 9.0, 6.0, 10.0],[2.0, 5.0, 8.0, 10.0],[1.0, 9.0, 1.0, 10.0],[1.0, 9.0, 1.0, 10.0],[1.0, 8.0, 8.0, 9.0],[1.0, 8.0, 1.0, 10.0],[2.0, 7.0, 6.0, 9.0],[1.0, 8.0, 1.0, 10.0],[4.0, 10.0, 2.0, 9.0],[2.0, 8.0, 9.0, 9.0],[2.0, 7.0, 1.0, 9.0],[4.0, 10.0, 2.0, 9.0],[1.0, 8.0, 10.0, 9.0],[5.0, 10.0, 1.0, 9.0],[4.0, 10.0, 2.0, 9.0],[1.0, 8.0, 9.0, 9.0],[3.0, 8.0, 1.0, 9.0],[2.0, 8.0, 9.0, 9.0],[2.0, 8.0, 2.0, 9.0],


		dop gen 4: 24 - [2.0, 7.0, 2.0, 10.0],[2.0, 5.0, 8.0, 10.0],[1.0, 7.0, 6.0, 10.0],[1.0, 5.0, 7.0, 10.0],[2.0, 4.0, 2.0, 10.0],[1.0, 9.0, 6.0, 10.0],[2.0, 5.0, 8.0, 10.0],[1.0, 9.0, 1.0, 10.0],[1.0, 9.0, 1.0, 10.0],[1.0, 8.0, 8.0, 9.0],[1.0, 8.0, 1.0, 10.0],[2.0, 7.0, 6.0, 9.0],[1.0, 8.0, 1.0, 10.0],[4.0, 10.0, 2.0, 9.0],[2.0, 8.0, 9.0, 9.0],[2.0, 7.0, 1.0, 9.0],[4.0, 10.0, 2.0, 9.0],[1.0, 8.0, 10.0, 9.0],[5.0, 10.0, 1.0, 9.0],[4.0, 10.0, 2.0, 9.0],[1.0, 8.0, 9.0, 9.0],[3.0, 8.0, 1.0, 9.0],[2.0, 8.0, 9.0, 9.0],[2.0, 8.0, 2.0, 9.0],
		fine gen 4: 24 - [2.0, 7.0, 2.0, 10.0],[2.0, 5.0, 8.0, 10.0],[1.0, 7.0, 6.0, 10.0],[1.0, 5.0, 7.0, 10.0],[2.0, 4.0, 2.0, 10.0],[1.0, 9.0, 6.0, 10.0],[2.0, 5.0, 8.0, 10.0],[1.0, 9.0, 1.0, 10.0],[1.0, 9.0, 1.0, 10.0],[1.0, 8.0, 8.0, 9.0],[1.0, 8.0, 1.0, 10.0],[2.0, 8.0, 2.0, 9.0],[1.0, 8.0, 1.0, 10.0],[2.0, 7.0, 6.0, 9.0],[4.0, 10.0, 2.0, 9.0],[2.0, 8.0, 9.0, 9.0],[2.0, 7.0, 1.0, 9.0],[4.0, 10.0, 2.0, 9.0],[1.0, 8.0, 10.0, 9.0],[5.0, 10.0, 1.0, 9.0],[4.0, 10.0, 2.0, 9.0],[1.0, 8.0, 9.0, 9.0],[3.0, 8.0, 1.0, 9.0],[2.0, 8.0, 9.0, 9.0],


	$$$$ Fine di nsgaII24 - [2.0, 7.0, 2.0, 10.0],[2.0, 5.0, 8.0, 10.0],[1.0, 7.0, 6.0, 10.0],[1.0, 5.0, 7.0, 10.0],[2.0, 4.0, 2.0, 10.0],[1.0, 9.0, 6.0, 10.0],[2.0, 5.0, 8.0, 10.0],[1.0, 9.0, 1.0, 10.0],[1.0, 9.0, 1.0, 10.0],[1.0, 8.0, 8.0, 9.0],[1.0, 8.0, 1.0, 10.0],[2.0, 8.0, 2.0, 9.0],[1.0, 8.0, 1.0, 10.0],[2.0, 7.0, 6.0, 9.0],[4.0, 10.0, 2.0, 9.0],[2.0, 8.0, 9.0, 9.0],[2.0, 7.0, 1.0, 9.0],[4.0, 10.0, 2.0, 9.0],[1.0, 8.0, 10.0, 9.0],[5.0, 10.0, 1.0, 9.0],[4.0, 10.0, 2.0, 9.0],[1.0, 8.0, 9.0, 9.0],[3.0, 8.0, 1.0, 9.0],[2.0, 8.0, 9.0, 9.0],

%%%%%%%%%DOPO NSGA2:24 - [2.0, 7.0, 2.0, 10.0],[2.0, 5.0, 8.0, 10.0],[1.0, 7.0, 6.0, 10.0],[1.0, 5.0, 7.0, 10.0],[2.0, 4.0, 2.0, 10.0],[1.0, 9.0, 6.0, 10.0],[2.0, 5.0, 8.0, 10.0],[1.0, 9.0, 1.0, 10.0],[1.0, 9.0, 1.0, 10.0],[1.0, 8.0, 8.0, 9.0],[1.0, 8.0, 1.0, 10.0],[2.0, 8.0, 2.0, 9.0],[1.0, 8.0, 1.0, 10.0],[2.0, 7.0, 6.0, 9.0],[4.0, 10.0, 2.0, 9.0],[2.0, 8.0, 9.0, 9.0],[2.0, 7.0, 1.0, 9.0],[4.0, 10.0, 2.0, 9.0],[1.0, 8.0, 10.0, 9.0],[5.0, 10.0, 1.0, 9.0],[4.0, 10.0, 2.0, 9.0],[1.0, 8.0, 9.0, 9.0],[3.0, 8.0, 1.0, 9.0],[2.0, 8.0, 9.0, 9.0],



6 ---- 2020-02-05 ------------------------------------------------

%%%%%%%%PRIMA NSGA2:24 - [2.0, 7.0, 2.0, 10.0],[2.0, 5.0, 8.0, 10.0],[1.0, 7.0, 6.0, 10.0],[1.0, 5.0, 7.0, 10.0],[2.0, 4.0, 2.0, 10.0],[1.0, 9.0, 6.0, 10.0],[2.0, 5.0, 8.0, 10.0],[1.0, 9.0, 1.0, 10.0],[1.0, 9.0, 1.0, 10.0],[1.0, 8.0, 8.0, 9.0],[1.0, 8.0, 1.0, 10.0],[2.0, 8.0, 2.0, 9.0],[1.0, 8.0, 1.0, 10.0],[2.0, 7.0, 6.0, 9.0],[4.0, 10.0, 2.0, 9.0],[2.0, 8.0, 9.0, 9.0],[2.0, 7.0, 1.0, 9.0],[4.0, 10.0, 2.0, 9.0],[1.0, 8.0, 10.0, 9.0],[5.0, 10.0, 1.0, 9.0],[4.0, 10.0, 2.0, 9.0],[1.0, 8.0, 9.0, 9.0],[3.0, 8.0, 1.0, 9.0],[2.0, 8.0, 9.0, 9.0],

	$$$ Prima di contazero e middle 24 - [2.0, 7.0, 2.0, 10.0],[2.0, 5.0, 8.0, 10.0],[1.0, 7.0, 6.0, 10.0],[1.0, 5.0, 7.0, 10.0],[2.0, 4.0, 2.0, 10.0],[1.0, 9.0, 6.0, 10.0],[2.0, 5.0, 8.0, 10.0],[1.0, 9.0, 1.0, 10.0],[1.0, 9.0, 1.0, 10.0],[1.0, 8.0, 8.0, 9.0],[1.0, 8.0, 1.0, 10.0],[2.0, 8.0, 2.0, 9.0],[1.0, 8.0, 1.0, 10.0],[2.0, 7.0, 6.0, 9.0],[4.0, 10.0, 2.0, 9.0],[2.0, 8.0, 9.0, 9.0],[2.0, 7.0, 1.0, 9.0],[4.0, 10.0, 2.0, 9.0],[1.0, 8.0, 10.0, 9.0],[5.0, 10.0, 1.0, 9.0],[4.0, 10.0, 2.0, 9.0],[1.0, 8.0, 9.0, 9.0],[3.0, 8.0, 1.0, 9.0],[2.0, 8.0, 9.0, 9.0],

	$$$ dopo contazero e middle 24 - [2.0, 7.0, 2.0, 10.0],[2.0, 5.0, 8.0, 10.0],[1.0, 7.0, 6.0, 10.0],[1.0, 5.0, 7.0, 10.0],[2.0, 4.0, 2.0, 10.0],[1.0, 9.0, 6.0, 10.0],[2.0, 5.0, 8.0, 10.0],[1.0, 9.0, 1.0, 10.0],[1.0, 9.0, 1.0, 10.0],[1.0, 8.0, 8.0, 9.0],[1.0, 8.0, 1.0, 10.0],[2.0, 8.0, 2.0, 9.0],[1.0, 8.0, 1.0, 10.0],[2.0, 7.0, 6.0, 9.0],[4.0, 10.0, 2.0, 9.0],[2.0, 8.0, 9.0, 9.0],[2.0, 7.0, 1.0, 9.0],[4.0, 10.0, 2.0, 9.0],[1.0, 8.0, 10.0, 9.0],[5.0, 10.0, 1.0, 9.0],[4.0, 10.0, 2.0, 9.0],[1.0, 8.0, 9.0, 9.0],[3.0, 8.0, 1.0, 9.0],[2.0, 8.0, 9.0, 9.0],

	$$$ Prima di gen 24 - [2.0, 7.0, 2.0, 10.0],[2.0, 5.0, 8.0, 10.0],[1.0, 7.0, 6.0, 10.0],[1.0, 5.0, 7.0, 10.0],[2.0, 4.0, 2.0, 10.0],[1.0, 9.0, 6.0, 10.0],[2.0, 5.0, 8.0, 10.0],[1.0, 9.0, 1.0, 10.0],[1.0, 9.0, 1.0, 10.0],[1.0, 8.0, 8.0, 9.0],[1.0, 8.0, 1.0, 10.0],[2.0, 8.0, 9.0, 9.0],[1.0, 8.0, 1.0, 10.0],[2.0, 8.0, 2.0, 9.0],[2.0, 7.0, 6.0, 9.0],[4.0, 10.0, 2.0, 9.0],[2.0, 8.0, 9.0, 9.0],[2.0, 7.0, 1.0, 9.0],[4.0, 10.0, 2.0, 9.0],[1.0, 8.0, 10.0, 9.0],[5.0, 10.0, 1.0, 9.0],[4.0, 10.0, 2.0, 9.0],[1.0, 8.0, 9.0, 9.0],[3.0, 8.0, 1.0, 9.0],
		dop gen 1: 24 - [2.0, 7.0, 2.0, 10.0],[2.0, 5.0, 8.0, 10.0],[1.0, 7.0, 6.0, 10.0],[1.0, 5.0, 7.0, 10.0],[2.0, 4.0, 2.0, 10.0],[1.0, 9.0, 6.0, 10.0],[2.0, 5.0, 8.0, 10.0],[1.0, 9.0, 1.0, 10.0],[1.0, 9.0, 1.0, 10.0],[1.0, 8.0, 8.0, 9.0],[1.0, 8.0, 1.0, 10.0],[2.0, 8.0, 9.0, 9.0],[1.0, 8.0, 1.0, 10.0],[2.0, 8.0, 2.0, 9.0],[2.0, 7.0, 6.0, 9.0],[4.0, 10.0, 2.0, 9.0],[2.0, 8.0, 9.0, 9.0],[2.0, 7.0, 1.0, 9.0],[4.0, 10.0, 2.0, 9.0],[1.0, 8.0, 10.0, 9.0],[5.0, 10.0, 1.0, 9.0],[4.0, 10.0, 2.0, 9.0],[1.0, 8.0, 9.0, 9.0],[3.0, 8.0, 1.0, 9.0],
		fine gen 1: 24 - [2.0, 7.0, 2.0, 10.0],[2.0, 5.0, 8.0, 10.0],[1.0, 7.0, 6.0, 10.0],[1.0, 5.0, 7.0, 10.0],[2.0, 4.0, 2.0, 10.0],[1.0, 9.0, 6.0, 10.0],[2.0, 5.0, 8.0, 10.0],[1.0, 9.0, 1.0, 10.0],[1.0, 9.0, 1.0, 10.0],[1.0, 8.0, 8.0, 9.0],[1.0, 8.0, 1.0, 10.0],[3.0, 8.0, 1.0, 9.0],[1.0, 8.0, 1.0, 10.0],[2.0, 8.0, 9.0, 9.0],[2.0, 8.0, 2.0, 9.0],[2.0, 7.0, 6.0, 9.0],[4.0, 10.0, 2.0, 9.0],[2.0, 8.0, 9.0, 9.0],[2.0, 7.0, 1.0, 9.0],[4.0, 10.0, 2.0, 9.0],[1.0, 8.0, 10.0, 9.0],[5.0, 10.0, 1.0, 9.0],[4.0, 10.0, 2.0, 9.0],[1.0, 8.0, 9.0, 9.0],


		dop gen 2: 24 - [2.0, 7.0, 2.0, 10.0],[2.0, 5.0, 8.0, 10.0],[1.0, 7.0, 6.0, 10.0],[1.0, 5.0, 7.0, 10.0],[2.0, 4.0, 2.0, 10.0],[1.0, 9.0, 6.0, 10.0],[2.0, 5.0, 8.0, 10.0],[1.0, 9.0, 1.0, 10.0],[1.0, 9.0, 1.0, 10.0],[1.0, 8.0, 8.0, 9.0],[1.0, 8.0, 1.0, 10.0],[3.0, 8.0, 1.0, 9.0],[1.0, 8.0, 1.0, 10.0],[2.0, 8.0, 9.0, 9.0],[2.0, 8.0, 2.0, 9.0],[2.0, 7.0, 6.0, 9.0],[4.0, 10.0, 2.0, 9.0],[2.0, 8.0, 9.0, 9.0],[2.0, 7.0, 1.0, 9.0],[4.0, 10.0, 2.0, 9.0],[1.0, 8.0, 10.0, 9.0],[5.0, 10.0, 1.0, 9.0],[4.0, 10.0, 2.0, 9.0],[1.0, 8.0, 9.0, 9.0],
		fine gen 2: 24 - [2.0, 7.0, 2.0, 10.0],[2.0, 5.0, 8.0, 10.0],[1.0, 7.0, 6.0, 10.0],[1.0, 5.0, 7.0, 10.0],[2.0, 4.0, 2.0, 10.0],[1.0, 9.0, 6.0, 10.0],[2.0, 5.0, 8.0, 10.0],[1.0, 9.0, 1.0, 10.0],[1.0, 9.0, 1.0, 10.0],[1.0, 8.0, 8.0, 9.0],[1.0, 8.0, 1.0, 10.0],[1.0, 8.0, 9.0, 9.0],[1.0, 8.0, 1.0, 10.0],[3.0, 8.0, 1.0, 9.0],[2.0, 8.0, 9.0, 9.0],[2.0, 8.0, 2.0, 9.0],[2.0, 7.0, 6.0, 9.0],[4.0, 10.0, 2.0, 9.0],[2.0, 8.0, 9.0, 9.0],[2.0, 7.0, 1.0, 9.0],[4.0, 10.0, 2.0, 9.0],[1.0, 8.0, 10.0, 9.0],[5.0, 10.0, 1.0, 9.0],[4.0, 10.0, 2.0, 9.0],


		dop gen 3: 24 - [2.0, 7.0, 2.0, 10.0],[2.0, 5.0, 8.0, 10.0],[1.0, 7.0, 6.0, 10.0],[1.0, 5.0, 7.0, 10.0],[2.0, 4.0, 2.0, 10.0],[1.0, 9.0, 6.0, 10.0],[2.0, 5.0, 8.0, 10.0],[1.0, 9.0, 1.0, 10.0],[1.0, 9.0, 1.0, 10.0],[1.0, 8.0, 8.0, 9.0],[1.0, 8.0, 1.0, 10.0],[1.0, 8.0, 9.0, 9.0],[1.0, 8.0, 1.0, 10.0],[3.0, 8.0, 1.0, 9.0],[2.0, 8.0, 9.0, 9.0],[2.0, 8.0, 2.0, 9.0],[2.0, 7.0, 6.0, 9.0],[4.0, 10.0, 2.0, 9.0],[2.0, 8.0, 9.0, 9.0],[2.0, 7.0, 1.0, 9.0],[4.0, 10.0, 2.0, 9.0],[1.0, 8.0, 10.0, 9.0],[5.0, 10.0, 1.0, 9.0],[4.0, 10.0, 2.0, 9.0],
		fine gen 3: 24 - [2.0, 7.0, 2.0, 10.0],[2.0, 5.0, 8.0, 10.0],[1.0, 7.0, 6.0, 10.0],[1.0, 5.0, 7.0, 10.0],[2.0, 4.0, 2.0, 10.0],[1.0, 9.0, 6.0, 10.0],[2.0, 5.0, 8.0, 10.0],[1.0, 9.0, 1.0, 10.0],[1.0, 9.0, 1.0, 10.0],[1.0, 8.0, 8.0, 9.0],[1.0, 8.0, 1.0, 10.0],[4.0, 10.0, 2.0, 9.0],[1.0, 8.0, 1.0, 10.0],[1.0, 8.0, 9.0, 9.0],[3.0, 8.0, 1.0, 9.0],[2.0, 8.0, 9.0, 9.0],[2.0, 8.0, 2.0, 9.0],[2.0, 7.0, 6.0, 9.0],[4.0, 10.0, 2.0, 9.0],[2.0, 8.0, 9.0, 9.0],[2.0, 7.0, 1.0, 9.0],[4.0, 10.0, 2.0, 9.0],[1.0, 8.0, 10.0, 9.0],[5.0, 10.0, 1.0, 9.0],


		dop gen 4: 24 - [2.0, 7.0, 2.0, 10.0],[2.0, 5.0, 8.0, 10.0],[1.0, 7.0, 6.0, 10.0],[1.0, 5.0, 7.0, 10.0],[2.0, 4.0, 2.0, 10.0],[1.0, 9.0, 6.0, 10.0],[2.0, 5.0, 8.0, 10.0],[1.0, 9.0, 1.0, 10.0],[1.0, 9.0, 1.0, 10.0],[1.0, 8.0, 8.0, 9.0],[1.0, 8.0, 1.0, 10.0],[4.0, 10.0, 2.0, 9.0],[1.0, 8.0, 1.0, 10.0],[1.0, 8.0, 9.0, 9.0],[3.0, 8.0, 1.0, 9.0],[2.0, 8.0, 9.0, 9.0],[2.0, 8.0, 2.0, 9.0],[2.0, 7.0, 6.0, 9.0],[4.0, 10.0, 2.0, 9.0],[2.0, 8.0, 9.0, 9.0],[2.0, 7.0, 1.0, 9.0],[4.0, 10.0, 2.0, 9.0],[1.0, 8.0, 10.0, 9.0],[5.0, 10.0, 1.0, 9.0],
		fine gen 4: 24 - [2.0, 7.0, 2.0, 10.0],[2.0, 5.0, 8.0, 10.0],[1.0, 7.0, 6.0, 10.0],[1.0, 5.0, 7.0, 10.0],[2.0, 4.0, 2.0, 10.0],[1.0, 9.0, 6.0, 10.0],[2.0, 5.0, 8.0, 10.0],[1.0, 9.0, 1.0, 10.0],[1.0, 9.0, 1.0, 10.0],[1.0, 8.0, 8.0, 9.0],[1.0, 8.0, 1.0, 10.0],[5.0, 10.0, 1.0, 9.0],[1.0, 8.0, 1.0, 10.0],[4.0, 10.0, 2.0, 9.0],[1.0, 8.0, 9.0, 9.0],[3.0, 8.0, 1.0, 9.0],[2.0, 8.0, 9.0, 9.0],[2.0, 8.0, 2.0, 9.0],[2.0, 7.0, 6.0, 9.0],[4.0, 10.0, 2.0, 9.0],[2.0, 8.0, 9.0, 9.0],[2.0, 7.0, 1.0, 9.0],[4.0, 10.0, 2.0, 9.0],[1.0, 8.0, 10.0, 9.0],


	$$$$ Fine di nsgaII24 - [2.0, 7.0, 2.0, 10.0],[2.0, 5.0, 8.0, 10.0],[1.0, 7.0, 6.0, 10.0],[1.0, 5.0, 7.0, 10.0],[2.0, 4.0, 2.0, 10.0],[1.0, 9.0, 6.0, 10.0],[2.0, 5.0, 8.0, 10.0],[1.0, 9.0, 1.0, 10.0],[1.0, 9.0, 1.0, 10.0],[1.0, 8.0, 8.0, 9.0],[1.0, 8.0, 1.0, 10.0],[5.0, 10.0, 1.0, 9.0],[1.0, 8.0, 1.0, 10.0],[4.0, 10.0, 2.0, 9.0],[1.0, 8.0, 9.0, 9.0],[3.0, 8.0, 1.0, 9.0],[2.0, 8.0, 9.0, 9.0],[2.0, 8.0, 2.0, 9.0],[2.0, 7.0, 6.0, 9.0],[4.0, 10.0, 2.0, 9.0],[2.0, 8.0, 9.0, 9.0],[2.0, 7.0, 1.0, 9.0],[4.0, 10.0, 2.0, 9.0],[1.0, 8.0, 10.0, 9.0],

%%%%%%%%%DOPO NSGA2:24 - [2.0, 7.0, 2.0, 10.0],[2.0, 5.0, 8.0, 10.0],[1.0, 7.0, 6.0, 10.0],[1.0, 5.0, 7.0, 10.0],[2.0, 4.0, 2.0, 10.0],[1.0, 9.0, 6.0, 10.0],[2.0, 5.0, 8.0, 10.0],[1.0, 9.0, 1.0, 10.0],[1.0, 9.0, 1.0, 10.0],[1.0, 8.0, 8.0, 9.0],[1.0, 8.0, 1.0, 10.0],[5.0, 10.0, 1.0, 9.0],[1.0, 8.0, 1.0, 10.0],[4.0, 10.0, 2.0, 9.0],[1.0, 8.0, 9.0, 9.0],[3.0, 8.0, 1.0, 9.0],[2.0, 8.0, 9.0, 9.0],[2.0, 8.0, 2.0, 9.0],[2.0, 7.0, 6.0, 9.0],[4.0, 10.0, 2.0, 9.0],[2.0, 8.0, 9.0, 9.0],[2.0, 7.0, 1.0, 9.0],[4.0, 10.0, 2.0, 9.0],[1.0, 8.0, 10.0, 9.0],



7 ---- 2020-02-12 ------------------------------------------------

%%%%%%%%PRIMA NSGA2:24 - [2.0, 7.0, 2.0, 10.0],[2.0, 5.0, 8.0, 10.0],[1.0, 7.0, 6.0, 10.0],[1.0, 5.0, 7.0, 10.0],[2.0, 4.0, 2.0, 10.0],[1.0, 9.0, 6.0, 10.0],[2.0, 5.0, 8.0, 10.0],[1.0, 9.0, 1.0, 10.0],[1.0, 9.0, 1.0, 10.0],[1.0, 8.0, 8.0, 9.0],[1.0, 8.0, 1.0, 10.0],[5.0, 10.0, 1.0, 9.0],[1.0, 8.0, 1.0, 10.0],[4.0, 10.0, 2.0, 9.0],[1.0, 8.0, 9.0, 9.0],[3.0, 8.0, 1.0, 9.0],[2.0, 8.0, 9.0, 9.0],[2.0, 8.0, 2.0, 9.0],[2.0, 7.0, 6.0, 9.0],[4.0, 10.0, 2.0, 9.0],[2.0, 8.0, 9.0, 9.0],[2.0, 7.0, 1.0, 9.0],[4.0, 10.0, 2.0, 9.0],[1.0, 8.0, 10.0, 9.0],

	$$$ Prima di contazero e middle 24 - [2.0, 7.0, 2.0, 10.0],[2.0, 5.0, 8.0, 10.0],[1.0, 7.0, 6.0, 10.0],[1.0, 5.0, 7.0, 10.0],[2.0, 4.0, 2.0, 10.0],[1.0, 9.0, 6.0, 10.0],[2.0, 5.0, 8.0, 10.0],[1.0, 9.0, 1.0, 10.0],[1.0, 9.0, 1.0, 10.0],[1.0, 8.0, 8.0, 9.0],[1.0, 8.0, 1.0, 10.0],[5.0, 10.0, 1.0, 9.0],[1.0, 8.0, 1.0, 10.0],[4.0, 10.0, 2.0, 9.0],[1.0, 8.0, 9.0, 9.0],[3.0, 8.0, 1.0, 9.0],[2.0, 8.0, 9.0, 9.0],[2.0, 8.0, 2.0, 9.0],[2.0, 7.0, 6.0, 9.0],[4.0, 10.0, 2.0, 9.0],[2.0, 8.0, 9.0, 9.0],[2.0, 7.0, 1.0, 9.0],[4.0, 10.0, 2.0, 9.0],[1.0, 8.0, 10.0, 9.0],

	$$$ dopo contazero e middle 24 - [2.0, 7.0, 2.0, 10.0],[2.0, 5.0, 8.0, 10.0],[1.0, 7.0, 6.0, 10.0],[1.0, 5.0, 7.0, 10.0],[2.0, 4.0, 2.0, 10.0],[1.0, 9.0, 6.0, 10.0],[2.0, 5.0, 8.0, 10.0],[1.0, 9.0, 1.0, 10.0],[1.0, 9.0, 1.0, 10.0],[1.0, 8.0, 8.0, 9.0],[1.0, 8.0, 1.0, 10.0],[5.0, 10.0, 1.0, 9.0],[1.0, 8.0, 1.0, 10.0],[4.0, 10.0, 2.0, 9.0],[1.0, 8.0, 9.0, 9.0],[3.0, 8.0, 1.0, 9.0],[2.0, 8.0, 9.0, 9.0],[2.0, 8.0, 2.0, 9.0],[2.0, 7.0, 6.0, 9.0],[4.0, 10.0, 2.0, 9.0],[2.0, 8.0, 9.0, 9.0],[2.0, 7.0, 1.0, 9.0],[4.0, 10.0, 2.0, 9.0],[1.0, 8.0, 10.0, 9.0],

	$$$ Prima di gen 24 - [2.0, 7.0, 2.0, 10.0],[2.0, 5.0, 8.0, 10.0],[1.0, 7.0, 6.0, 10.0],[1.0, 5.0, 7.0, 10.0],[2.0, 4.0, 2.0, 10.0],[1.0, 9.0, 6.0, 10.0],[2.0, 5.0, 8.0, 10.0],[1.0, 9.0, 1.0, 10.0],[1.0, 9.0, 1.0, 10.0],[1.0, 8.0, 8.0, 9.0],[1.0, 8.0, 1.0, 10.0],[1.0, 8.0, 10.0, 9.0],[1.0, 8.0, 1.0, 10.0],[5.0, 10.0, 1.0, 9.0],[4.0, 10.0, 2.0, 9.0],[1.0, 8.0, 9.0, 9.0],[3.0, 8.0, 1.0, 9.0],[2.0, 8.0, 9.0, 9.0],[2.0, 8.0, 2.0, 9.0],[2.0, 7.0, 6.0, 9.0],[4.0, 10.0, 2.0, 9.0],[2.0, 8.0, 9.0, 9.0],[2.0, 7.0, 1.0, 9.0],[4.0, 10.0, 2.0, 9.0],
		dop gen 1: 24 - [2.0, 7.0, 2.0, 10.0],[2.0, 5.0, 8.0, 10.0],[1.0, 7.0, 6.0, 10.0],[1.0, 5.0, 7.0, 10.0],[2.0, 4.0, 2.0, 10.0],[1.0, 9.0, 6.0, 10.0],[2.0, 5.0, 8.0, 10.0],[1.0, 9.0, 1.0, 10.0],[1.0, 9.0, 1.0, 10.0],[1.0, 8.0, 8.0, 9.0],[1.0, 8.0, 1.0, 10.0],[1.0, 8.0, 10.0, 9.0],[1.0, 8.0, 1.0, 10.0],[5.0, 10.0, 1.0, 9.0],[4.0, 10.0, 2.0, 9.0],[1.0, 8.0, 9.0, 9.0],[3.0, 8.0, 1.0, 9.0],[2.0, 8.0, 9.0, 9.0],[2.0, 8.0, 2.0, 9.0],[2.0, 7.0, 6.0, 9.0],[4.0, 10.0, 2.0, 9.0],[2.0, 8.0, 9.0, 9.0],[2.0, 7.0, 1.0, 9.0],[4.0, 10.0, 2.0, 9.0],